RESIDUE_ID, RESIDUE_NAME, CHAIN, A3D_SCORE, AF_SCORE
1, M, A, 0.6013, 63.4100
2, V, A, 0.0000, 75.5400
3, K, A, -1.9109, 87.0600
4, G, A, -1.6399, 91.9900
5, S, A, -1.1696, 94.5800
6, V, A, 0.0000, 95.6400
7, H, A, 0.0000, 96.0600
8, L, A, 0.0000, 96.4200
9, W, A, 0.0000, 95.4200
10, G, A, 0.0000, 93.8000
11, K, A, -3.2307, 90.4200
12, D, A, -3.2651, 85.8900
13, G, A, -2.8376, 85.6800
14, K, A, -2.5608, 91.1800
15, A, A, -1.3344, 94.3000
16, S, A, 0.0000, 93.8200
17, L, A, -0.0209, 94.0500
18, I, A, 0.0000, 93.9700
19, S, A, 0.0000, 94.6300
20, V, A, 0.0000, 96.4700
21, D, A, -0.5518, 96.2800
22, S, A, 0.0000, 96.7300
23, I, A, 0.0000, 96.7300
24, A, A, 0.0000, 96.6400
25, L, A, 0.0000, 95.3900
26, V, A, 0.0000, 94.6700
27, W, A, 0.0000, 94.4600
28, F, A, 0.0000, 93.4400
29, I, A, 0.0000, 91.1800
30, K, A, -0.8771, 90.5300
31, L, A, 0.0000, 89.0100
32, C, A, 0.0000, 87.2000
33, T, A, -1.9217, 83.3700
34, S, A, -2.1209, 80.4400
35, E, A, -3.0718, 80.0900
36, E, A, -2.5885, 77.8400
37, A, A, 0.0000, 81.2200
38, K, A, -2.1052, 83.6300
39, S, A, -1.2285, 82.9400
40, M, A, 0.0000, 84.2400
41, V, A, 0.0000, 87.7600
42, A, A, -0.8843, 85.2600
43, G, A, -0.8981, 86.6900
44, L, A, 0.0000, 91.6600
45, Q, A, -1.8854, 93.3300
46, I, A, 0.0000, 94.7500
47, V, A, 0.0000, 94.8200
48, F, A, 0.0000, 94.7500
49, S, A, 0.0000, 92.8900
50, N, A, 0.0000, 92.8300
51, N, A, 0.0000, 90.3500
52, T, A, -1.1356, 89.7500
53, D, A, -0.6405, 87.3800
54, L, A, 0.0000, 88.0800
55, S, A, 0.0000, 89.1500
56, S, A, -1.5161, 84.0200
57, D, A, -1.9628, 85.2600
58, G, A, -1.6739, 85.9800
59, K, A, -2.2783, 88.1200
60, L, A, 0.0000, 93.4700
61, P, A, 0.0000, 96.4600
62, V, A, 0.0000, 96.3100
63, L, A, 0.0000, 95.3600
64, I, A, -1.0628, 94.6000
65, L, A, -1.8669, 92.4700
66, D, A, -2.9763, 89.5700
67, N, A, -2.6269, 87.9200
68, G, A, -1.8184, 88.6100
69, T, A, -1.3896, 90.8900
70, K, A, -1.5113, 93.6000
71, V, A, -0.8279, 93.9700
72, S, A, -1.2151, 94.5800
73, G, A, -1.0890, 93.8500
74, Y, A, 0.0000, 95.8200
75, V, A, 0.0000, 94.2800
76, N, A, -1.3897, 93.3000
77, I, A, 0.0000, 94.1000
78, V, A, 0.0000, 92.0600
79, Q, A, -1.3492, 89.1100
80, F, A, -0.9012, 89.6300
81, L, A, 0.0000, 88.3600
82, H, A, -0.8166, 84.3900
83, K, A, -1.7788, 80.5000
84, N, A, -0.9949, 71.2800
85, I, A, 0.7534, 66.2700
97, E, A, -3.1058, 52.1100
98, E, A, -3.6279, 58.0500
99, D, A, -2.7701, 65.7500
100, L, A, 0.0000, 71.6300
101, A, A, -0.5869, 71.3700
102, I, A, -0.2173, 73.5600
103, V, A, 0.0000, 74.4500
104, R, A, -3.3199, 73.9000
105, K, A, -3.6018, 77.7500
106, K, A, -3.2397, 81.3600
107, D, A, 0.0000, 85.8400
108, R, A, -2.1635, 85.4300
109, L, A, 0.2615, 88.5900
110, L, A, 0.0709, 91.7300
111, E, A, 0.0000, 90.8000
112, Y, A, 0.7705, 91.2800
113, S, A, 0.4138, 93.6100
114, L, A, 0.0000, 95.4000
115, L, A, 0.0000, 94.6700
116, N, A, -0.3503, 94.8500
117, Y, A, -0.1666, 96.1100
118, V, A, 0.0000, 96.8600
119, D, A, -0.7029, 94.8500
120, V, A, -0.0177, 92.8900
121, E, A, -0.7319, 93.7700
122, I, A, 0.0000, 95.3400
123, S, A, -0.6607, 94.0300
124, R, A, -1.0238, 93.4300
125, L, A, 0.0000, 94.4500
126, T, A, 0.0000, 95.3700
127, D, A, -0.8190, 93.9100
128, Y, A, 0.0000, 94.2600
129, Q, A, 0.0000, 94.7300
130, L, A, 0.0000, 94.4300
131, F, A, 0.0000, 93.2500
132, L, A, 0.0000, 92.0800
133, N, A, 0.0000, 91.5900
134, T, A, -1.3581, 89.8100
135, K, A, -1.6540, 92.2200
136, N, A, 0.0000, 94.8300
137, Y, A, 0.0000, 93.4600
138, N, A, -2.3673, 91.4300
139, E, A, -2.8138, 94.0400
140, Y, A, -1.7274, 94.4700
141, T, A, 0.0000, 93.3000
142, K, A, -1.8935, 90.4500
143, K, A, -2.6635, 91.9400
144, L, A, -1.6415, 92.8900
145, F, A, 0.0000, 91.8100
146, S, A, -0.6397, 88.5000
147, K, A, -2.0329, 89.9300
148, L, A, -0.8568, 91.0900
149, L, A, 0.0000, 89.1400
150, Y, A, 2.2128, 84.3000
151, F, A, 2.8140, 80.6400
152, P, A, 1.7591, 82.7000
153, M, A, 1.5173, 83.0900
154, W, A, 1.0554, 82.7500
155, Y, A, 1.2047, 83.2000
156, N, A, -0.1239, 84.4200
157, T, A, -0.1505, 87.1400
158, P, A, 0.0000, 88.5500
159, L, A, 0.3228, 87.0500
160, Q, A, -0.7999, 87.6100
161, L, A, -0.7946, 90.6900
162, R, A, 0.0000, 90.8800
163, S, A, -1.2325, 88.4200
164, Q, A, -1.6602, 89.4500
165, A, A, 0.0000, 91.3300
166, R, A, -2.6055, 89.3300
167, E, A, -3.3976, 88.2400
168, N, A, -2.7576, 87.1500
169, C, A, 0.0000, 89.6200
170, E, A, -3.4953, 85.7900
171, E, A, -3.0063, 77.3600
172, I, A, -1.8622, 73.1800
173, I, A, 0.0000, 72.6700
174, G, A, -1.6785, 70.5100
175, S, A, -1.3654, 67.4700
176, L, A, 0.0000, 69.9700
177, T, A, -1.4211, 67.2400
178, L, A, -1.7327, 69.6400
179, E, A, -3.0540, 66.2500
180, D, A, -2.8728, 65.2400
181, D, A, -3.0215, 65.8100
182, E, A, -3.6080, 63.4600
183, E, A, -3.6024, 61.2600
184, F, A, -2.4916, 66.3500
185, V, A, -1.8002, 66.5600
186, E, A, -2.6259, 60.8700
187, S, A, -1.9987, 64.2500
188, K, A, -2.4546, 67.5300
189, A, A, -1.2753, 68.2600
190, M, A, -0.3614, 65.4400
191, E, A, -1.3028, 63.4200
192, S, A, -0.8508, 65.7300
193, A, A, 0.0853, 68.8600
194, S, A, -0.2561, 65.8600
195, Q, A, -0.1362, 61.8100
196, L, A, 0.7882, 64.9800
197, A, A, 0.0984, 66.6200
198, Q, A, -0.6409, 67.1900
199, S, A, -0.7228, 79.0000
200, K, A, -1.2645, 80.9000
201, T, A, -0.3432, 80.8500
202, F, A, 0.0521, 75.7900
203, K, A, -0.6943, 75.2200
204, I, A, 0.1441, 80.7900
205, A, A, -0.6908, 81.7900
206, H, A, -1.6786, 76.1700
207, K, A, -2.6381, 81.0400
208, N, A, -2.9967, 83.6100
209, K, A, -3.4396, 84.8500
210, I, A, -2.4943, 80.1300
211, K, A, -3.5393, 82.2500
212, G, A, -3.0895, 86.2400
213, K, A, -3.0430, 85.8800
214, Q, A, -2.7113, 81.3500
215, E, A, -2.4316, 85.7100
216, L, A, -0.5457, 87.7800
217, Q, A, -1.3359, 86.1200
218, Q, A, -0.8328, 85.3300
219, V, A, 0.3384, 89.3700
220, K, A, -0.8942, 90.1200
221, Y, A, -0.2363, 89.6400
222, N, A, 0.0000, 90.8200
223, L, A, 0.1981, 90.7500
224, Q, A, -0.9280, 91.3600
225, F, A, 0.0000, 93.1700
226, D, A, 0.0000, 92.7100
227, N, A, -1.9514, 92.5800
228, R, A, -1.9580, 93.3000
229, L, A, 0.0000, 94.6800
230, Q, A, -1.4007, 94.3900
231, S, A, -1.2808, 94.8100
232, C, A, 0.0000, 95.2900
233, V, A, 0.0000, 95.7600
234, S, A, -0.6875, 96.0400
235, N, A, -0.9791, 95.5900
236, W, A, 0.0000, 95.8000
237, L, A, -0.7767, 94.6700
238, A, A, -1.0755, 94.6300
239, A, A, -1.1806, 94.1400
240, R, A, 0.0000, 92.8900
241, K, A, -3.0928, 92.1300
242, K, A, -2.9232, 90.8600
243, L, A, 0.0000, 88.1700
244, D, A, -2.5284, 84.2800
245, D, A, -2.9211, 82.7300
246, S, A, -1.4403, 80.9900
247, V, A, -1.0986, 83.4600
248, I, A, 0.0000, 87.0500
249, L, A, 0.0000, 90.4500
250, S, A, 0.0000, 91.8500
251, S, A, 0.0000, 93.5800
252, D, A, 0.0000, 94.3900
253, L, A, 0.0000, 95.5900
254, L, A, 0.0000, 96.6900
255, F, A, 0.0000, 97.2200
256, L, A, 0.0000, 96.8500
257, A, A, 0.0000, 97.5000
258, N, A, 0.0000, 97.4300
259, L, A, 0.0000, 96.1600
260, Y, A, 0.0812, 96.8400
261, V, A, 0.0000, 96.8600
262, Q, A, 0.0000, 94.9600
263, L, A, -0.5578, 94.9300
264, G, A, -0.4417, 94.3200
265, L, A, 0.0000, 95.2800
266, P, A, -1.1803, 94.4500
267, D, A, 0.0000, 92.3700
268, G, A, 0.0000, 93.7200
269, N, A, -2.3605, 93.6000
270, R, A, -2.5609, 94.1900
271, I, A, 0.0000, 94.5700
272, R, A, -2.1325, 94.6100
273, S, A, -2.2355, 94.2900
274, K, A, -2.4608, 93.5800
275, L, A, 0.0000, 94.3200
276, E, A, -2.1864, 94.9200
277, Q, A, -1.8953, 94.3100
278, T, A, -0.9932, 93.2700
279, F, A, -0.6151, 94.2300
280, G, A, -1.3547, 93.5300
281, S, A, -1.7582, 92.7300
282, E, A, -2.2386, 93.3200
283, L, A, -1.1615, 91.4600
284, L, A, 0.0000, 92.0100
285, N, A, -2.3645, 93.3100
286, S, A, -1.8828, 92.7200
287, M, A, -1.5695, 92.9900
288, S, A, -2.0864, 93.4000
289, N, A, -2.9692, 93.6100
290, K, A, -2.7207, 92.7500
291, I, A, 0.0000, 94.2900
292, D, A, -3.4394, 93.5900
293, D, A, -3.7147, 92.1900
294, F, A, 0.0000, 91.7200
295, V, A, -1.8766, 91.0000
296, H, A, -2.1492, 89.3000
297, R, A, -1.8858, 87.2700
298, P, A, -1.3420, 82.1300
299, S, A, -1.5820, 77.0400
300, N, A, -1.8615, 73.5800
301, N, A, -1.6658, 70.9400
302, L, A, -1.7603, 78.4000
303, E, A, -2.7922, 86.8400
304, Q, A, -2.7754, 89.9200
305, R, A, -2.5409, 92.5900
306, D, A, -2.8189, 89.8400
307, P, A, -1.6916, 90.0100
308, Q, A, -1.4764, 90.6000
309, F, A, 0.3435, 86.2100
310, R, A, -1.0344, 87.1600
311, E, A, -1.2823, 87.7200
312, Q, A, -0.3882, 85.2900
313, G, A, 0.0000, 79.0500
314, N, A, 1.7635, 81.3000
315, V, A, 2.7684, 80.3800
316, V, A, 2.9242, 81.2200
317, M, A, 0.0000, 83.0100
318, S, A, 1.6205, 77.1700
319, L, A, 2.9190, 80.0700
320, Y, A, 2.2162, 82.4800
321, N, A, 1.0847, 78.3700
322, L, A, 1.8656, 77.9700
323, A, A, 1.8762, 81.5000
324, C, A, 1.6088, 80.6300
325, K, A, 0.8955, 75.1800
326, Y, A, 2.0934, 75.0900
327, I, A, 2.5836, 65.9600
