RESIDUE_ID, RESIDUE_NAME, CHAIN, A3D_SCORE, AF_SCORE
12, S, A, -1.0481, 64.5900
13, K, A, -1.6399, 83.1900
14, V, A, -0.5796, 93.3700
15, S, A, 0.0000, 94.8200
16, H, A, 0.0000, 98.1700
17, V, A, 0.0000, 98.6000
18, T, A, 0.0000, 98.7600
19, T, A, 0.0000, 98.3700
20, P, A, 0.1273, 93.8700
21, I, A, 0.2266, 88.8500
22, F, A, 0.0000, 94.8100
23, Y, A, -0.1904, 90.9200
24, P, A, 0.0000, 91.7900
25, N, A, -1.2500, 87.6100
26, A, A, -1.0222, 86.9900
27, K, A, -1.5701, 90.9700
28, P, A, 0.0000, 93.7600
29, H, A, -0.7363, 92.3000
30, L, A, 0.0000, 93.5900
31, G, A, -0.3345, 92.8000
32, H, A, -0.3978, 94.9400
33, L, A, 0.0000, 97.0700
34, Y, A, 0.0000, 97.3900
35, S, A, 0.0000, 97.4000
36, S, A, 0.0000, 98.2500
37, L, A, 0.0000, 98.3500
38, L, A, 0.0000, 98.4000
39, S, A, 0.0000, 98.6500
40, D, A, 0.0000, 98.8000
41, V, A, 0.0000, 98.7500
42, Y, A, 0.0000, 98.5100
43, H, A, 0.0000, 98.6000
44, R, A, -0.2477, 98.4500
45, W, A, 0.0000, 98.0400
46, Q, A, 0.0000, 97.2700
47, L, A, 0.4387, 97.0900
48, F, A, 0.1159, 96.2600
49, K, A, -0.6974, 94.7500
50, G, A, -0.4929, 94.1300
51, N, A, -0.5300, 95.1000
52, L, A, 0.2117, 95.6600
53, S, A, 0.0000, 96.9700
54, F, A, 0.0000, 98.0300
55, F, A, 0.0000, 98.4800
56, T, A, 0.0000, 98.5900
57, T, A, 0.0000, 98.1300
58, G, A, 0.0000, 97.6700
59, T, A, 0.0000, 97.9300
60, D, A, 0.0000, 97.1000
61, E, A, 0.0000, 97.2200
62, H, A, 0.0000, 95.6400
63, G, A, 0.0000, 92.3400
64, L, A, -0.0868, 90.8500
65, K, A, -0.3727, 90.7200
66, I, A, 0.0000, 94.3100
67, Q, A, -1.2156, 93.5900
68, C, A, -0.7034, 92.1900
69, A, A, -1.2019, 92.8300
70, S, A, 0.0000, 95.2600
71, E, A, -2.7881, 94.6400
72, S, A, -1.8747, 93.9500
73, N, A, -2.3200, 94.5600
74, G, A, -1.9833, 95.5500
75, F, A, -2.1549, 95.1600
76, D, A, -2.8094, 91.3700
77, Q, A, -2.2534, 93.5800
78, P, A, 0.0000, 96.1700
79, K, A, -2.0418, 96.4400
80, K, A, -2.8059, 96.4500
81, F, A, 0.0000, 96.6300
82, V, A, 0.0000, 96.8600
83, D, A, -2.1964, 96.4200
84, K, A, -2.5962, 95.7600
85, L, A, 0.0000, 94.8500
86, Y, A, -0.9554, 95.5800
87, P, A, -1.0542, 96.0600
88, E, A, -1.5069, 96.2400
89, F, A, 0.0000, 96.7300
90, V, A, -0.6537, 96.6200
91, Q, A, -1.2148, 97.0800
92, L, A, 0.0000, 97.7600
93, D, A, 0.0000, 97.6000
94, K, A, -1.9227, 97.7100
95, I, A, -0.8689, 98.1500
96, Y, A, 0.0000, 98.5800
97, G, A, -0.9590, 98.0100
98, I, A, 0.0000, 98.5000
99, N, A, -0.9932, 97.5500
100, Y, A, -0.5269, 97.9900
101, T, A, -0.3507, 97.3900
102, R, A, 0.0000, 97.5700
103, F, A, 0.0000, 97.5900
104, I, A, 0.0000, 97.7900
105, R, A, 0.0000, 97.9300
106, T, A, 0.0000, 97.8800
107, T, A, -0.1207, 97.2500
108, D, A, 0.0000, 97.1900
109, P, A, -0.5698, 96.5900
110, D, A, -0.9355, 96.2400
111, H, A, 0.0000, 97.9300
112, I, A, -0.6044, 98.0700
113, E, A, -1.8946, 97.6700
114, N, A, -1.3611, 98.2800
115, V, A, 0.0000, 98.5700
116, M, A, -1.2395, 98.1200
117, K, A, -1.5272, 98.3300
118, L, A, 0.0000, 98.6500
119, W, A, 0.0000, 98.5600
120, E, A, -2.1860, 98.0900
121, L, A, -1.3441, 98.4900
122, C, A, 0.0000, 98.5700
123, L, A, -0.6215, 97.9400
124, K, A, -2.0166, 97.8800
125, N, A, -1.4304, 98.2100
126, G, A, -0.8932, 97.9800
127, Y, A, 0.0207, 98.3700
128, I, A, 0.0000, 98.2400
129, Y, A, 0.7610, 96.9800
130, M, A, 0.4922, 95.6400
131, G, A, -0.7783, 93.8800
132, E, A, -2.2866, 90.5000
133, H, A, -1.9207, 81.8100
134, K, A, -2.2046, 87.0900
135, G, A, 0.0000, 87.3900
136, W, A, 0.1532, 91.4500
137, Y, A, 0.0000, 90.3700
138, S, A, 0.0000, 91.9400
139, I, A, 0.6910, 86.3900
140, S, A, -0.3686, 85.9100
141, D, A, -0.5972, 85.7500
142, E, A, 0.0000, 86.1500
143, T, A, 0.0000, 86.4600
144, F, A, 0.1972, 88.1400
145, Y, A, -0.3658, 87.2500
146, P, A, -1.3810, 85.2200
147, E, A, -1.8124, 88.3900
148, S, A, -1.2654, 88.0600
149, K, A, -1.4552, 88.4500
150, V, A, -1.1675, 93.1700
151, I, A, -0.4589, 93.5900
152, K, A, -2.1048, 93.9800
153, D, A, -2.6239, 91.3600
154, P, A, -2.0680, 88.0300
155, K, A, -3.0047, 89.2600
156, N, A, -3.0201, 89.5600
157, D, A, -3.3450, 88.8300
158, G, A, -2.4328, 89.2100
159, K, A, -2.4293, 92.5100
160, Y, A, -1.0236, 95.5900
161, L, A, -1.3106, 94.8600
162, N, A, 0.0000, 92.2600
163, T, A, -1.7092, 89.2700
164, E, A, -2.7505, 85.4300
165, S, A, -2.3812, 85.0200
166, K, A, -2.5129, 88.4400
167, N, A, -1.9707, 91.3500
168, E, A, -1.5674, 94.1400
169, V, A, 0.0000, 94.6400
170, V, A, 1.6604, 92.4000
171, Y, A, 1.1270, 90.9300
172, Q, A, -0.1203, 85.3500
173, S, A, -1.3891, 87.7000
174, E, A, -1.4101, 86.5100
175, T, A, -1.0609, 91.8200
176, N, A, 0.0000, 94.3000
177, Y, A, 0.2448, 96.6800
178, F, A, 0.0000, 96.8900
179, F, A, 0.0000, 98.1300
180, R, A, -0.1826, 97.7400
181, L, A, 0.0000, 97.2600
182, S, A, 0.0756, 95.4500
183, L, A, 0.7131, 96.7500
184, F, A, 0.0000, 97.0000
185, N, A, 0.0000, 94.9400
186, K, A, -2.6985, 95.4600
187, K, A, -2.6400, 96.4100
188, I, A, 0.0000, 97.2800
189, V, A, -2.7611, 97.2000
190, D, A, -3.4785, 97.6400
191, H, A, -2.7922, 97.9600
192, I, A, 0.0000, 98.0200
193, R, A, -3.7413, 97.5200
194, K, A, -3.5605, 98.0900
195, N, A, -3.1908, 97.6300
196, P, A, -2.5952, 95.1000
197, D, A, -2.7350, 94.0200
198, F, A, 0.0000, 98.0500
199, I, A, 0.0000, 98.1800
200, F, A, -0.5136, 96.0600
201, P, A, 0.0000, 95.4100
202, A, A, -1.1013, 95.8600
203, S, A, -1.1785, 95.6300
204, K, A, -1.5500, 95.9100
205, R, A, -2.2332, 97.4300
206, D, A, -2.8966, 97.2500
207, Q, A, -2.6197, 95.5000
208, I, A, 0.0000, 95.7700
209, L, A, -2.8424, 96.4100
210, K, A, -3.6599, 95.7100
211, E, A, -3.6273, 93.1900
212, L, A, 0.0000, 94.1800
213, E, A, -2.7894, 93.2900
214, T, A, -2.0451, 89.6600
215, G, A, -1.8796, 81.1600
216, G, A, -1.2611, 80.5400
217, T, A, -0.6296, 84.9600
218, L, A, -0.4179, 89.5700
219, P, A, -0.3593, 90.1000
220, D, A, -0.3540, 94.1800
221, L, A, -0.1921, 94.4500
222, S, A, 0.0000, 94.2900
223, I, A, 0.0000, 95.9100
224, S, A, 0.0000, 95.7700
225, R, A, 0.0000, 92.7100
226, P, A, -0.5725, 93.0800
227, S, A, -0.9052, 93.6400
228, A, A, -0.5953, 91.1900
229, R, A, -0.7181, 85.3800
230, L, A, 0.0000, 90.5500
231, K, A, -1.8381, 92.2000
232, W, A, -0.9534, 95.1600
233, G, A, -0.4469, 95.8300
234, I, A, 0.0000, 97.0900
235, P, A, -0.7072, 96.7800
236, T, A, 0.0000, 96.0800
237, P, A, -1.1300, 92.4600
238, N, A, -1.5263, 89.9400
239, D, A, -1.1820, 94.7700
240, P, A, -0.9204, 93.4600
241, S, A, -0.8549, 95.5300
242, Q, A, 0.0000, 96.1200
243, K, A, -0.7224, 96.7300
244, V, A, 0.0000, 97.5100
245, Y, A, 0.0000, 95.2500
246, V, A, 0.0000, 95.2900
247, W, A, 0.1815, 95.9800
248, F, A, 0.0000, 98.0900
249, D, A, 0.0000, 97.7300
250, A, A, 0.0000, 97.7500
251, L, A, 0.0000, 98.5000
252, C, A, 0.0000, 98.5000
253, N, A, 0.0000, 98.2500
254, Y, A, 0.0000, 98.5400
255, L, A, 0.0000, 98.4700
256, S, A, 0.0000, 98.1000
257, S, A, 0.0000, 97.8700
258, I, A, 0.0000, 97.2900
259, G, A, 0.3062, 94.4000
260, G, A, 0.0000, 97.7000
261, I, A, 0.0000, 98.3200
262, P, A, -0.3723, 97.7800
263, S, A, 0.0000, 97.7800
264, I, A, 0.0000, 97.7900
265, L, A, 0.0736, 97.2800
266, S, A, -0.1699, 95.5500
267, N, A, -0.5325, 91.9500
268, A, A, -0.0583, 93.1100
269, T, A, 0.4192, 95.0100
270, E, A, 0.6052, 95.0600
271, V, A, 1.4363, 94.7100
272, V, A, 0.0000, 94.6100
273, S, A, -0.7822, 94.3600
274, R, A, -1.4067, 94.5600
275, H, A, -1.0172, 92.7500
276, Y, A, -0.9351, 88.3600
277, S, A, -1.1442, 86.9200
278, D, A, -1.9365, 85.2500
279, K, A, -2.1734, 81.2900
280, S, A, -1.2892, 85.8400
281, N, A, -1.1880, 89.1200
282, V, A, 0.1852, 85.5400
283, K, A, -1.5218, 87.8400
284, G, A, 0.0000, 90.0200
285, Q, A, -0.3298, 94.2600
286, L, A, 0.8913, 93.6400
287, L, A, 2.0837, 95.6700
288, I, A, 0.0000, 96.3300
289, P, A, 0.8817, 93.4700
290, Y, A, 0.7201, 91.3100
291, P, A, 0.0000, 96.0500
292, K, A, -1.0104, 96.4000
293, E, A, -1.5004, 94.8000
294, V, A, 0.0000, 96.7500
295, Q, A, 0.0000, 97.2400
296, R, A, -2.1284, 96.4200
297, N, A, 0.0000, 96.3900
298, T, A, 0.0000, 98.2200
299, I, A, 0.0000, 98.5600
300, H, A, 0.0000, 98.7400
301, V, A, 0.0000, 98.5100
302, I, A, 0.0000, 97.8900
303, G, A, 0.0000, 95.5400
304, K, A, -2.1971, 94.8100
305, D, A, -2.5087, 91.0500
306, I, A, -1.1276, 93.8300
307, A, A, 0.0000, 96.2100
308, K, A, -1.6179, 94.1800
309, F, A, -0.5126, 96.2400
310, H, A, 0.0000, 98.1000
311, T, A, 0.0000, 97.9600
312, V, A, 0.0000, 96.9700
313, Y, A, 0.0000, 97.7400
314, W, A, 0.0000, 98.4600
315, P, A, 0.0000, 98.5500
316, S, A, 0.0000, 98.6400
317, F, A, 0.0000, 98.7600
318, L, A, 0.0000, 98.7700
319, L, A, -0.0794, 98.6000
320, A, A, 0.0000, 98.6200
321, A, A, 0.0000, 98.5500
322, G, A, -0.3035, 98.0500
323, L, A, 0.0000, 98.5600
324, P, A, -0.7433, 97.5200
325, L, A, 0.0000, 98.2300
326, P, A, 0.0000, 97.8800
327, R, A, -2.7130, 97.4200
328, Q, A, -1.6552, 97.9600
329, I, A, 0.0000, 98.5700
330, V, A, 0.0000, 98.3800
331, V, A, 0.0000, 98.0600
332, H, A, 0.0000, 97.2900
333, G, A, 0.0000, 94.8300
334, H, A, -1.8583, 93.5200
335, W, A, 0.0000, 94.6900
336, L, A, -1.0448, 94.1800
337, C, A, -0.9423, 93.6300
338, N, A, -1.6894, 92.7800
339, G, A, -1.2693, 92.2600
340, M, A, -0.5581, 91.4600
341, K, A, -1.4699, 89.6300
342, M, A, -0.8221, 89.7500
343, S, A, -0.7319, 85.8700
344, K, A, -1.4062, 80.0800
345, S, A, -0.4087, 79.5500
346, L, A, 0.5539, 80.8000
347, G, A, -0.3505, 82.5700
348, N, A, -0.4868, 87.4000
349, V, A, -0.3399, 87.9300
350, V, A, 0.0000, 90.4100
351, D, A, -1.1632, 92.8300
352, P, A, 0.0000, 95.7900
353, I, A, -1.0497, 95.6500
354, D, A, -2.0073, 94.6600
355, M, A, 0.0000, 97.0300
356, A, A, 0.0000, 97.4400
357, R, A, -2.0464, 96.3600
358, Y, A, -0.8124, 97.1100
359, Y, A, 0.0000, 97.5200
360, G, A, -0.7007, 97.5100
361, A, A, -0.4731, 98.3800
362, D, A, 0.0000, 98.7100
363, I, A, 0.0000, 98.5100
364, V, A, 0.0000, 98.4800
365, R, A, 0.0000, 98.6300
366, W, A, 0.0000, 98.6800
367, F, A, 0.0000, 98.4700
368, L, A, 0.0000, 98.2300
369, L, A, 0.0000, 98.1400
370, E, A, -1.0470, 97.5400
371, N, A, -1.0839, 96.2400
372, S, A, 0.0000, 92.3700
373, K, A, -2.1745, 91.6900
374, L, A, 0.0000, 91.5100
375, E, A, -2.2950, 92.0100
376, E, A, -3.0450, 91.6000
377, D, A, -2.5242, 94.3800
378, G, A, 0.0000, 94.3400
379, D, A, -1.5723, 95.5400
380, F, A, 0.0000, 96.7100
381, Q, A, -1.1666, 95.1400
382, E, A, -0.8622, 95.5900
383, A, A, -0.8227, 96.3400
384, K, A, -1.7802, 96.9700
385, L, A, 0.0000, 97.8800
386, Y, A, -1.2624, 97.7800
387, E, A, -2.1627, 97.6300
388, T, A, 0.0000, 97.9600
389, R, A, 0.0000, 97.8700
390, E, A, -1.9324, 97.8200
391, L, A, -0.7139, 97.9600
392, L, A, 0.0000, 98.3800
393, V, A, 0.0000, 97.9900
394, S, A, -1.1255, 96.9600
395, K, A, -0.9682, 98.1500
396, W, A, 0.0000, 98.3600
397, G, A, 0.0000, 97.3900
398, N, A, -1.3102, 96.2600
399, L, A, 0.0000, 97.9600
400, I, A, 0.0000, 97.7800
401, N, A, -1.1759, 95.3400
402, R, A, -1.2630, 95.2800
403, C, A, 0.0000, 97.0800
404, C, A, 0.0000, 96.9800
405, G, A, -1.7447, 94.7600
406, S, A, -2.0748, 92.8000
407, K, A, -1.9430, 92.9800
408, F, A, 0.0000, 96.7100
409, N, A, -1.9371, 97.3900
410, I, A, 0.0000, 97.8200
411, E, A, -2.1724, 97.6900
412, R, A, -1.2939, 96.5200
413, A, A, 0.0000, 96.3300
414, V, A, 0.0000, 96.2100
415, M, A, -0.9347, 94.8600
416, K, A, -1.4796, 92.8900
417, F, A, 0.0000, 93.2100
418, S, A, 0.0000, 91.4600
419, D, A, -2.4408, 83.9600
420, K, A, -1.8443, 73.0800
421, A, A, -1.5723, 62.7100
422, N, A, -1.3451, 57.4300
423, F, A, -0.4282, 52.8600
424, Q, A, -1.7985, 64.5900
425, F, A, 0.0000, 69.2300
426, Q, A, -2.5434, 69.9000
427, E, A, -2.5904, 78.9500
428, I, A, -1.5023, 86.2200
429, F, A, 0.0000, 90.2100
430, Q, A, -2.7459, 84.7500
431, N, A, -2.1004, 90.0500
432, E, A, -1.3497, 92.9100
433, P, A, -0.7227, 90.7100
434, I, A, 0.6271, 91.8100
435, V, A, 0.0000, 92.1900
436, S, A, -2.1098, 91.2200
437, E, A, -2.4684, 91.3400
438, R, A, -1.8748, 92.5500
439, I, A, 0.0000, 92.2600
440, E, A, -3.5221, 90.3600
441, N, A, -2.7618, 92.4200
442, L, A, 0.0000, 93.9800
443, A, A, -2.4391, 92.1600
444, K, A, -2.8097, 92.5100
445, L, A, -1.6638, 94.9300
446, L, A, 0.0000, 95.2100
447, N, A, -2.4588, 92.4100
448, K, A, -2.6301, 94.1200
449, S, A, 0.0000, 97.2900
450, Q, A, -2.3586, 96.6200
451, E, A, -3.1101, 96.4800
452, V, A, -2.1170, 97.8700
453, F, A, 0.0000, 98.2900
454, D, A, -2.2670, 97.1900
455, E, A, -2.5661, 96.8400
456, K, A, -1.4300, 97.2600
457, I, A, 0.0000, 97.3200
458, A, A, -0.3905, 94.6500
459, I, A, 0.1866, 93.7700
460, F, A, 0.0000, 96.1900
461, Q, A, -0.5475, 95.5200
462, Y, A, 0.0000, 97.5900
463, P, A, -1.2391, 97.3300
464, Q, A, -1.3658, 97.0800
465, L, A, 0.0000, 98.2700
466, L, A, 0.0000, 98.5300
467, R, A, -2.1521, 98.0400
468, H, A, -1.1169, 98.0100
469, V, A, 0.0000, 98.5900
470, W, A, 0.0000, 98.2400
471, S, A, -0.9337, 97.8300
472, I, A, 0.0000, 98.4100
473, I, A, 0.0000, 98.4800
474, N, A, -0.8858, 97.7400
475, D, A, -0.8853, 96.5700
476, A, A, 0.0000, 97.9700
477, N, A, -1.1819, 98.1200
478, T, A, -1.1569, 96.7600
479, L, A, 0.0000, 95.8200
480, V, A, 0.0000, 97.1200
481, Q, A, -1.7992, 96.6800
482, N, A, -1.6279, 95.1400
483, S, A, 0.0000, 95.1700
484, K, A, -1.8257, 96.0500
485, P, A, 0.0000, 96.4400
486, W, A, -1.2372, 95.9500
487, E, A, -2.2275, 96.2200
488, R, A, -2.1208, 94.8000
489, E, A, -2.1507, 95.0200
490, L, A, -0.7451, 95.2100
491, D, A, -1.1764, 92.9900
492, Q, A, -1.3569, 94.0300
493, Q, A, -1.1308, 96.0100
494, D, A, 0.0000, 95.5600
495, N, A, 0.0000, 93.9900
496, I, A, 0.0000, 95.5000
497, I, A, 0.0000, 96.9400
498, F, A, 0.0000, 95.8000
499, L, A, 0.0000, 95.1900
500, A, A, 0.0000, 97.3800
501, M, A, 0.0000, 97.7700
502, E, A, 0.0000, 96.9600
503, T, A, 0.0000, 98.0400
504, S, A, 0.0000, 98.4200
505, R, A, 0.0000, 98.4200
506, I, A, 0.0000, 98.4300
507, L, A, 0.0000, 98.7700
508, S, A, 0.0000, 98.7600
509, I, A, 0.0000, 98.7800
510, L, A, 0.0000, 98.7000
511, C, A, 0.0000, 98.7300
512, Q, A, -0.3203, 98.6000
513, S, A, 0.0000, 97.8500
514, I, A, 0.0000, 98.6500
515, I, A, 0.0000, 98.6500
516, P, A, -0.3607, 98.4000
517, S, A, -0.4298, 98.0400
518, L, A, 0.0000, 98.2000
519, S, A, 0.0000, 98.5500
520, Q, A, -1.0927, 98.1500
521, S, A, -0.9429, 97.9300
522, F, A, 0.0000, 98.3400
523, L, A, 0.0000, 98.3800
524, D, A, -2.1583, 97.6200
525, R, A, 0.0000, 97.4500
526, I, A, 0.0000, 97.2700
527, D, A, -1.8872, 97.3700
528, V, A, 0.0000, 98.3500
529, S, A, -1.9962, 97.8900
530, K, A, -3.0772, 97.6400
531, E, A, -2.8479, 97.4500
532, K, A, -1.9604, 97.7800
533, R, A, -1.5503, 97.8600
534, T, A, -1.1146, 97.2700
535, I, A, -0.7736, 95.3400
536, N, A, -1.5296, 95.1300
537, Y, A, -1.1671, 96.4200
538, A, A, 0.0000, 96.3200
539, R, A, -2.2057, 94.0500
540, L, A, -1.6556, 93.8300
541, G, A, -1.4829, 93.3200
542, S, A, -1.2817, 94.7200
543, D, A, 0.0000, 95.7700
544, K, A, -1.4759, 95.1500
545, T, A, -1.0697, 95.5700
546, Y, A, 0.0000, 97.7500
547, G, A, 0.0000, 97.4300
548, K, A, -3.0772, 95.8900
549, Q, A, -3.3284, 94.7300
550, S, A, 0.0000, 96.3500
551, N, A, -3.0048, 96.6800
552, K, A, -3.5922, 93.8400
553, K, A, -3.3664, 90.1800
554, G, A, -2.2950, 88.2500
555, R, A, -2.5648, 90.5600
556, E, A, -2.4964, 89.7400
557, V, A, -1.1290, 90.1600
558, P, A, -1.0436, 90.4500
559, L, A, 0.0000, 93.3000
560, K, A, -2.7129, 93.6900
561, K, A, -2.4819, 94.2400
562, I, A, -0.9858, 95.1700
563, P, A, -0.6695, 94.7300
564, F, A, -0.7993, 94.3100
565, R, A, -0.9500, 91.9300
566, L, A, -1.0242, 84.7900
567, Q, A, -2.4221, 78.4600
568, E, A, -2.7515, 62.1400
569, E, A, -3.1055, 62.7200
570, Q, A, -2.6750, 54.4400
571, T, A, -2.0914, 56.2500
572, N, A, -2.2665, 60.8900
573, M, A, -0.6616, 54.1100
575, S, A, -0.4972, 54.0700
