RESIDUE_ID, RESIDUE_NAME, CHAIN, A3D_SCORE, AF_SCORE
1, M, A, 1.2442, 40.8300
2, S, A, 0.6887, 37.9800
3, Y, A, 0.5213, 39.5100
4, E, A, -1.4523, 40.3200
5, S, A, -1.5494, 41.7500
6, G, A, -1.9214, 40.8700
7, R, A, -2.2750, 39.1800
8, S, A, -1.5105, 40.2300
9, S, A, -0.9022, 38.2500
10, S, A, -0.6999, 38.5700
11, S, A, -0.9563, 40.8400
12, S, A, -1.3182, 36.8000
13, E, A, -2.1179, 39.2400
14, S, A, -1.5758, 34.9800
15, T, A, -1.5434, 43.2400
16, R, A, -2.1004, 37.8700
17, P, A, -1.1175, 37.5900
18, P, A, -0.4587, 43.0800
19, T, A, -0.0923, 37.7400
20, L, A, -0.0230, 38.9300
21, K, A, -2.2700, 38.3100
22, E, A, -3.3708, 35.1100
23, E, A, -3.4050, 38.5300
24, P, A, -2.4920, 37.0400
25, N, A, -2.3843, 37.0400
26, G, A, -1.4947, 35.6800
27, K, A, -1.3391, 37.7500
28, I, A, 0.4849, 41.7000
29, A, A, 0.1048, 43.0000
30, W, A, -0.1423, 36.8500
31, E, A, -2.3472, 43.0600
32, E, A, -2.8619, 46.4300
33, S, A, -2.1187, 42.9000
34, V, A, -2.5196, 47.8200
35, K, A, -4.1664, 51.6500
36, K, A, -4.7070, 54.9600
37, S, A, -3.9839, 41.9700
38, R, A, -5.1496, 44.5000
39, E, A, -5.7226, 60.2000
40, N, A, -5.4262, 59.4500
41, N, A, -5.4312, 50.8900
42, E, A, -4.9778, 63.3700
43, N, A, -4.2203, 66.2400
44, D, A, -3.9089, 65.6900
45, S, A, -2.8460, 58.5200
46, T, A, -2.2355, 70.4600
47, L, A, -1.4539, 69.9400
48, L, A, -1.5445, 63.0900
49, R, A, -2.8469, 70.2100
50, R, A, -3.3766, 72.3600
51, K, A, -3.1509, 68.3500
52, L, A, -2.1393, 64.7100
53, G, A, -3.0392, 65.3400
54, E, A, -3.6896, 64.7600
55, T, A, -2.4360, 57.1900
56, R, A, -3.0069, 50.4900
57, K, A, -3.0831, 51.7700
58, A, A, -1.4146, 50.4100
59, I, A, -0.4023, 51.7300
60, E, A, -2.0348, 49.3000
61, T, A, -1.1837, 51.5700
62, G, A, -0.8829, 37.2800
63, G, A, -0.8742, 33.4300
64, S, A, -1.0592, 30.7100
65, S, A, -1.6256, 36.1000
66, R, A, -2.9851, 32.1700
67, N, A, -2.7751, 38.3100
68, K, A, -2.0465, 33.9900
69, L, A, 0.3433, 35.7700
70, S, A, 0.4660, 34.3700
71, A, A, 0.9688, 31.5000
72, L, A, 1.4461, 31.9600
73, T, A, 0.9273, 37.5300
74, P, A, 0.4412, 36.0900
75, L, A, 0.2198, 31.8600
76, K, A, -1.4427, 37.3800
77, K, A, -0.9195, 32.5500
78, V, A, 1.0960, 35.3900
79, V, A, 0.9526, 32.9000
80, D, A, -1.7897, 33.5200
81, E, A, -3.5638, 31.9000
82, R, A, -4.3116, 29.1100
83, K, A, -3.9362, 30.8600
84, D, A, -2.7367, 27.5700
85, S, A, -0.8622, 31.9000
86, V, A, 0.5002, 28.1300
87, Q, A, -0.7907, 28.8400
88, P, A, -0.6504, 27.8200
89, Q, A, -0.6375, 30.4400
90, V, A, 1.0810, 31.6600
91, P, A, 0.3746, 30.4900
92, S, A, 0.5441, 25.9900
93, M, A, 1.4178, 30.2500
94, G, A, 0.8025, 23.8900
95, F, A, 2.3228, 27.8800
96, T, A, 1.6503, 23.1400
97, Y, A, 2.0603, 28.9200
98, S, A, 1.2762, 26.1300
99, L, A, 1.7113, 25.2100
100, P, A, 0.4572, 25.1200
101, N, A, -0.2197, 28.8100
102, L, A, 0.7018, 31.7500
103, K, A, -1.3494, 31.3100
104, T, A, -0.3919, 35.9200
105, L, A, 0.5061, 38.7300
106, N, A, -0.7567, 40.8100
107, S, A, -0.4268, 42.9200
108, F, A, 0.4877, 47.0500
109, S, A, -1.0978, 54.4300
110, D, A, -2.0834, 52.5700
111, A, A, -1.6133, 50.7900
112, E, A, -1.9551, 53.2200
113, Q, A, -1.7300, 50.4900
114, A, A, -1.9904, 53.4600
115, R, A, -2.8221, 56.6800
116, I, A, -1.3022, 56.1000
117, M, A, -0.9884, 53.9000
118, Q, A, -2.0032, 58.3300
119, D, A, -1.8224, 56.8600
120, Y, A, -0.6691, 53.8100
121, L, A, -0.8580, 51.9100
122, S, A, -1.1243, 54.6900
123, R, A, -2.3755, 50.2900
124, G, A, -1.6318, 47.5300
125, V, A, -0.1663, 44.5900
126, N, A, -1.8373, 41.2800
127, Q, A, -2.7068, 38.7600
128, G, A, -1.9069, 33.9300
129, N, A, -2.3948, 41.7500
130, S, A, -1.6690, 44.5500
131, N, A, -2.4230, 55.7200
132, N, A, -2.0088, 59.5100
133, Y, A, 0.0000, 58.2800
134, V, A, -0.8795, 62.7300
135, D, A, -0.5312, 61.9200
136, P, A, 0.0000, 59.6900
137, L, A, -0.7399, 59.4600
138, Y, A, 0.0000, 58.3600
139, R, A, -2.6548, 61.1800
140, Q, A, -1.8796, 59.1000
141, L, A, -0.9518, 52.2200
142, N, A, -1.0502, 57.1900
143, P, A, -1.0595, 52.7700
144, T, A, -0.6150, 53.1300
145, M, A, 0.4784, 37.3400
146, G, A, -0.3608, 44.2500
147, S, A, -1.0139, 43.9200
148, S, A, -1.9661, 43.3400
149, R, A, -3.2309, 49.2500
150, N, A, -3.3385, 50.7400
151, R, A, -3.1436, 59.8400
152, P, A, 0.0000, 63.1900
153, V, A, -0.5272, 65.9400
154, W, A, 0.0000, 74.3100
155, S, A, 0.0000, 75.9900
156, L, A, 0.0000, 77.8100
157, N, A, -0.2801, 74.0500
158, Q, A, -0.6945, 72.9500
159, P, A, -0.5512, 72.1900
160, L, A, 0.0000, 76.5500
161, P, A, 0.0000, 70.7300
162, H, A, -0.2661, 69.5800
163, V, A, 0.0000, 69.1500
164, L, A, 0.0000, 64.9100
165, D, A, -1.9400, 63.9700
166, R, A, -1.5594, 59.2700
167, G, A, -1.3313, 64.0100
168, L, A, -1.0857, 64.3500
169, A, A, 0.0000, 63.7200
170, A, A, -1.3006, 62.9900
171, K, A, -1.9475, 65.7900
172, M, A, 0.0000, 62.8000
173, I, A, -0.8684, 64.9300
174, Q, A, -1.6972, 69.1900
175, K, A, -1.5241, 65.1800
176, N, A, -1.2743, 66.4400
177, M, A, -0.9535, 67.3400
178, D, A, -1.7299, 72.0700
179, A, A, -1.6185, 64.6200
180, R, A, -1.8251, 62.7700
181, S, A, -1.9066, 69.1800
182, R, A, -3.0270, 65.0700
183, A, A, -2.2803, 60.4300
184, S, A, -2.3488, 60.5300
185, S, A, -2.6274, 58.0500
186, R, A, -3.8577, 53.2800
187, R, A, -3.3375, 48.3100
188, G, A, -2.3228, 46.5500
189, S, A, -1.8636, 41.3400
190, T, A, -1.2738, 39.1000
191, D, A, -1.4201, 40.6400
192, I, A, 0.5396, 39.9000
193, S, A, -0.7390, 35.9700
194, R, A, -2.1734, 37.9200
195, G, A, -1.6390, 31.6500
196, G, A, -1.3454, 30.9400
197, S, A, -0.9853, 35.8900
198, T, A, -0.7075, 40.7100
199, T, A, -0.4091, 39.9100
200, S, A, -0.2478, 38.8900
201, V, A, 0.2907, 48.6000
202, K, A, -1.7606, 48.5800
203, D, A, -1.8919, 53.2300
204, W, A, -0.0002, 48.2700
205, K, A, -1.5895, 51.6400
206, R, A, -2.2238, 57.9300
207, L, A, 0.1478, 51.5700
208, L, A, 0.2992, 55.1100
209, R, A, -1.6902, 56.3500
210, G, A, -0.8478, 52.8600
211, A, A, -0.2974, 42.2300
212, A, A, -0.4037, 38.8400
213, P, A, -1.0117, 39.2800
214, G, A, -1.7602, 40.9200
215, K, A, -2.5351, 37.7600
216, K, A, -2.0412, 37.2800
217, L, A, -0.0478, 33.3800
218, G, A, -0.7295, 37.9400
219, D, A, -1.2458, 39.9900
220, I, A, 0.1476, 43.2500
221, E, A, -1.6947, 37.3400
222, A, A, -1.3908, 38.5100
223, Q, A, -1.7905, 39.6200
224, T, A, -2.0550, 37.9300
225, Q, A, -2.9104, 38.9000
226, R, A, -3.8634, 36.6000
227, D, A, -3.7516, 37.3500
228, N, A, -2.4961, 37.5200
229, T, A, -0.3195, 34.9400
230, V, A, 1.2749, 37.3000
231, G, A, 0.0686, 35.5000
232, A, A, -0.3466, 36.2900
233, D, A, -1.2910, 37.1700
234, V, A, 0.0032, 39.3000
235, K, A, -1.3169, 35.6900
236, P, A, -1.1163, 37.5700
237, T, A, -1.0586, 37.0700
238, K, A, -1.4401, 33.2500
239, L, A, -0.2924, 38.8000
240, E, A, -1.8307, 36.1500
241, P, A, -1.9442, 38.7000
242, E, A, -2.9576, 38.0800
243, N, A, -2.5817, 35.4000
244, P, A, -2.2686, 43.3400
245, Q, A, -2.5561, 37.0700
246, K, A, -2.5677, 41.7400
247, P, A, -1.7292, 41.6100
248, S, A, -1.2835, 36.2800
249, N, A, -1.6984, 34.7800
250, T, A, -0.7877, 37.0800
251, H, A, -0.6966, 33.8900
252, I, A, 0.3545, 37.6600
253, E, A, -1.2779, 34.7800
254, N, A, -0.9568, 30.1100
255, V, A, 0.2415, 34.9000
256, S, A, -0.9242, 31.6100
257, R, A, -2.7753, 33.0800
258, K, A, -3.8534, 29.5700
259, K, A, -4.1725, 33.0300
260, K, A, -3.8346, 28.6700
261, R, A, -3.1103, 31.4000
262, T, A, -1.8894, 32.8800
263, S, A, -1.4908, 29.0700
264, H, A, -1.4344, 32.2700
265, N, A, -1.0890, 31.6600
266, V, A, 0.7474, 32.8600
267, N, A, 0.1666, 29.4500
268, F, A, 1.8535, 29.0700
269, S, A, 1.0071, 28.7100
270, L, A, 0.8484, 33.3400
271, G, A, -0.7603, 31.5800
272, D, A, -2.6164, 28.4500
273, E, A, -2.4346, 34.4800
274, S, A, -0.8789, 28.9800
275, Y, A, 0.7889, 31.1500
276, A, A, 0.3184, 28.2800
277, S, A, 0.3916, 28.5200
278, S, A, 0.3710, 28.1800
279, I, A, 1.1616, 31.6800
280, A, A, -0.1855, 31.4800
281, D, A, -1.8456, 28.3800
282, A, A, -1.8408, 30.6000
283, E, A, -2.9013, 33.5700
284, S, A, -2.7031, 30.6100
285, R, A, -3.6397, 28.2900
286, K, A, -2.8476, 33.3500
287, L, A, -0.9789, 30.4900
288, K, A, -2.3535, 30.9100
289, N, A, -2.0420, 30.6100
290, M, A, -0.2485, 29.7900
291, Q, A, -1.1967, 29.3800
292, T, A, -0.3225, 28.3600
293, L, A, 0.4143, 30.8700
294, D, A, -1.4687, 28.3100
295, G, A, -1.1695, 28.2400
296, S, A, -0.6868, 29.5100
297, T, A, 0.2400, 26.2200
298, P, A, 0.8585, 30.0500
299, V, A, 2.0148, 26.7300
300, Y, A, 1.8831, 32.1800
301, T, A, 0.5982, 28.1500
302, K, A, -0.7359, 29.4700
303, L, A, 0.3147, 31.4100
304, P, A, -1.2861, 34.1600
305, E, A, -2.3449, 38.1700
306, E, A, -1.6562, 30.4000
307, L, A, 0.8161, 30.1100
308, I, A, 1.1099, 34.9400
309, E, A, -1.7061, 35.0100
310, E, A, -3.7318, 31.9800
311, E, A, -4.1760, 33.4100
312, N, A, -3.5733, 35.8800
313, K, A, -3.1304, 32.6300
314, S, A, -1.4019, 29.6400
315, T, A, -0.6253, 35.1700
316, S, A, 0.0427, 30.9900
317, A, A, 0.2503, 30.8300
318, L, A, 0.4931, 37.7000
319, D, A, -1.4518, 31.2300
320, G, A, -2.0564, 30.1700
321, N, A, -2.3566, 32.1900
322, E, A, -1.6432, 32.5000
323, I, A, 0.5900, 30.9600
324, G, A, -0.2963, 29.6300
325, A, A, -0.9334, 29.8300
326, S, A, -2.0035, 32.2900
327, E, A, -3.7937, 36.3600
328, D, A, -4.2031, 37.7500
329, E, A, -4.0949, 36.2100
330, D, A, -3.7399, 34.5400
331, A, A, -2.0787, 38.3700
332, D, A, -1.3631, 44.6000
333, I, A, 1.1422, 52.4400
334, M, A, 1.2240, 61.2100
335, T, A, 0.4386, 74.3400
336, F, A, 0.5636, 81.6800
337, P, A, -0.2834, 82.9600
338, N, A, -0.1931, 88.7400
339, F, A, 1.5141, 85.5200
340, W, A, 1.1223, 87.4700
341, A, A, 0.1398, 86.5400
342, K, A, -0.1709, 82.8200
343, I, A, 0.2692, 88.0300
344, R, A, -0.6834, 87.2900
345, Y, A, -0.0698, 84.0800
346, H, A, -1.1136, 85.1900
347, M, A, -0.7520, 91.4600
348, R, A, -1.5499, 91.7600
349, E, A, -0.7348, 93.4800
350, P, A, 0.1214, 96.3300
351, F, A, -0.0147, 96.7900
352, A, A, 0.0000, 96.7500
353, E, A, 0.0000, 98.2600
354, F, A, 1.6207, 98.5300
355, L, A, 1.4554, 98.2500
356, G, A, 0.0000, 98.3100
357, T, A, 0.0000, 98.7100
358, L, A, 0.0000, 98.6500
359, V, A, 1.3647, 98.5800
360, L, A, 0.0000, 98.5800
361, V, A, 0.0000, 98.6900
362, I, A, 1.3141, 98.5200
363, F, A, 1.6055, 98.2800
364, G, A, 0.0000, 97.8200
365, V, A, 0.0000, 98.0000
366, G, A, 0.4340, 97.5700
367, G, A, 0.0956, 97.0900
368, N, A, -0.2142, 96.7000
369, L, A, 0.0000, 97.3100
370, Q, A, -1.2059, 97.0900
371, A, A, -1.1817, 96.6700
372, T, A, -1.0131, 96.2600
373, V, A, 0.0000, 96.5400
374, T, A, -1.2311, 96.1600
375, K, A, -2.2162, 94.4300
376, G, A, -1.5803, 92.9300
377, S, A, -1.1814, 94.5200
378, G, A, -1.0773, 91.4900
379, G, A, -1.0695, 92.6900
380, S, A, -0.9875, 93.3700
381, Y, A, -0.0470, 91.8500
382, E, A, -1.0002, 93.8000
383, S, A, -0.3736, 94.8500
384, L, A, 0.1918, 95.6600
385, S, A, 0.0000, 96.9300
386, F, A, 1.2773, 97.7100
387, A, A, 0.9076, 97.9400
388, W, A, 0.0000, 98.1900
389, G, A, 0.0000, 98.1000
390, F, A, 1.9470, 98.1900
391, G, A, 0.0000, 98.3300
392, C, A, 0.0000, 98.1800
393, M, A, 1.6069, 97.7200
394, L, A, 1.5699, 97.9200
395, G, A, 0.0000, 97.8800
396, V, A, 0.0000, 96.5100
397, Y, A, 1.4703, 95.7900
398, V, A, 1.7403, 95.9700
399, A, A, 0.0000, 94.2300
400, G, A, 0.0000, 88.4400
401, G, A, 0.0873, 85.8800
402, I, A, 0.2400, 88.4400
403, S, A, 0.0000, 91.5600
404, G, A, 0.0000, 88.1100
405, G, A, 0.0000, 93.9800
406, H, A, 0.0000, 97.7100
407, I, A, 0.0000, 97.7400
408, N, A, 0.0000, 98.3200
409, P, A, 0.0000, 98.5200
410, A, A, 0.0000, 98.2500
411, V, A, 0.0000, 98.1900
412, T, A, 0.0000, 98.2000
413, I, A, 0.7286, 98.0900
414, S, A, 0.0000, 97.2100
415, M, A, 0.0000, 95.2600
416, A, A, 0.0000, 94.8200
417, I, A, 0.8039, 94.4600
418, F, A, 0.0000, 93.1900
419, R, A, 0.0000, 91.3200
420, K, A, -0.3901, 86.0500
421, F, A, 0.0000, 91.4000
422, P, A, -0.1502, 91.1300
423, W, A, 0.3503, 93.9600
424, K, A, -1.1910, 94.4100
425, K, A, -0.5400, 94.4800
426, V, A, 0.0000, 97.4400
427, P, A, 0.5368, 97.7800
428, V, A, 1.2527, 97.4500
429, Y, A, 0.0000, 98.1700
430, I, A, 1.6159, 98.5000
431, V, A, 2.6669, 98.4200
432, A, A, 0.0000, 98.3600
433, Q, A, 0.0000, 98.7100
434, I, A, 2.1257, 98.6900
435, I, A, 2.9481, 98.6100
436, G, A, 0.0000, 98.7200
437, A, A, 0.0000, 98.7600
438, Y, A, 1.9972, 98.6300
439, F, A, 2.2803, 98.7100
440, G, A, 0.0000, 98.6300
441, G, A, 0.0000, 98.3900
442, A, A, 1.0745, 98.3200
443, M, A, 1.0942, 98.4800
444, A, A, 0.0000, 98.2300
445, Y, A, 0.0000, 97.7500
446, G, A, 0.6818, 97.5900
447, Y, A, 1.5878, 97.5900
448, F, A, 1.0761, 97.0100
449, W, A, 0.9199, 96.7000
450, S, A, -0.0044, 96.9100
451, S, A, -0.2400, 97.0700
452, I, A, 0.0000, 97.0200
453, T, A, -0.8181, 96.6300
454, E, A, -1.6212, 96.6400
455, F, A, -0.5579, 96.6400
456, E, A, 0.0000, 95.6700
457, G, A, -0.9972, 94.4500
458, G, A, -0.9279, 93.2800
459, P, A, -0.8419, 91.1600
460, H, A, -0.9413, 91.0400
461, I, A, -0.3089, 92.4300
462, R, A, -0.2407, 93.3300
463, T, A, 0.0251, 92.5100
464, T, A, -0.0920, 90.5100
465, A, A, 0.0213, 92.0200
466, T, A, 0.0000, 94.1800
467, G, A, 0.0000, 93.4900
468, A, A, -0.1777, 93.3000
469, C, A, 0.0000, 96.2200
470, L, A, 0.0000, 96.8400
471, F, A, 0.0000, 95.3800
472, T, A, 0.0000, 94.9500
473, D, A, -0.8114, 93.1400
474, P, A, 0.0000, 94.3700
475, K, A, -0.3611, 93.2700
476, S, A, 0.0910, 91.4600
477, Y, A, 1.1567, 93.2700
478, V, A, 0.2485, 93.4800
479, T, A, 0.0388, 93.5500
480, W, A, 0.3822, 89.9200
481, R, A, -0.9836, 94.0900
482, N, A, -0.4992, 94.1400
483, A, A, 0.0000, 94.3400
484, F, A, 1.0450, 95.7800
485, F, A, 1.7715, 95.8900
486, D, A, 0.9016, 95.5100
487, E, A, 0.0000, 97.2500
488, F, A, 1.6149, 98.0100
489, I, A, 1.6064, 97.7900
490, G, A, 0.0000, 97.6700
491, A, A, 0.0000, 98.2600
492, S, A, 1.2101, 98.2600
493, I, A, 1.3862, 97.9200
494, L, A, 0.0000, 98.1600
495, V, A, 0.0000, 98.0400
496, G, A, 0.9109, 97.2400
497, C, A, 0.5209, 96.7900
498, L, A, 0.0000, 95.6600
499, M, A, 0.0000, 94.6100
500, A, A, 0.0990, 93.4600
501, L, A, -0.0078, 92.3000
502, L, A, 0.0000, 89.2400
503, D, A, 0.0000, 88.3200
504, D, A, -0.7482, 81.8600
505, S, A, -0.6044, 80.7700
506, N, A, -0.6701, 86.5800
507, A, A, -0.5314, 80.6600
508, P, A, -0.6186, 81.7900
509, P, A, -0.4427, 84.6600
510, G, A, -0.8099, 80.1300
511, N, A, -1.4336, 75.4500
512, G, A, -0.4982, 81.4100
513, M, A, 0.3502, 89.9800
514, T, A, 0.0000, 90.2400
515, A, A, 0.0000, 93.6800
516, L, A, 1.5817, 95.2900
517, I, A, 1.5038, 95.9400
518, I, A, 0.0000, 96.2000
519, G, A, 0.0000, 97.2800
520, F, A, 2.2861, 97.5700
521, L, A, 1.4354, 97.6800
522, V, A, 0.0000, 98.1200
523, A, A, 0.0000, 97.9200
524, A, A, 0.7517, 97.8100
525, I, A, 0.0000, 97.5600
526, G, A, 0.0000, 96.5400
527, M, A, 0.7070, 96.2500
528, A, A, 0.5775, 96.1200
529, L, A, 0.8759, 95.0700
530, G, A, 0.0000, 93.3400
531, Y, A, 1.2627, 93.2700
532, Q, A, 0.0605, 93.5200
533, T, A, 0.0000, 94.0400
534, S, A, 0.0446, 92.7300
535, F, A, 0.0000, 94.5200
536, T, A, 0.0000, 95.2700
537, I, A, 0.0000, 96.6400
538, N, A, 0.0000, 97.9700
539, P, A, 0.0000, 98.2900
540, A, A, 0.0000, 98.3900
541, R, A, 0.0000, 97.8900
542, D, A, 0.0000, 97.5100
543, L, A, 0.0000, 97.5100
544, G, A, 0.0000, 97.8300
545, P, A, 0.0000, 97.9800
546, R, A, 0.0000, 97.3700
547, I, A, 1.3320, 97.4200
548, F, A, 1.2896, 97.5800
549, A, A, 0.0000, 96.3100
550, S, A, 0.6068, 95.4900
551, M, A, 1.4041, 95.0300
552, I, A, 0.9355, 92.7700
553, G, A, 0.0368, 89.0900
554, Y, A, 0.0413, 91.7800
555, G, A, -0.1125, 90.1700
556, P, A, -0.5787, 91.4000
557, H, A, -1.1309, 90.3100
558, A, A, 0.0000, 90.9400
559, F, A, -0.1735, 94.2500
560, H, A, -0.9284, 91.7700
561, L, A, -0.3224, 87.4800
562, T, A, -0.3494, 87.1200
563, H, A, -0.4503, 87.2400
564, W, A, 0.1353, 92.0200
565, W, A, 0.0000, 93.3400
566, W, A, 0.2884, 93.9500
567, T, A, 0.2548, 95.2500
568, W, A, 0.3879, 93.0000
569, G, A, 0.0000, 93.9000
570, A, A, 0.0000, 95.4100
571, W, A, 0.4324, 97.4200
572, G, A, 0.3362, 97.2400
573, G, A, 0.0000, 97.3100
574, P, A, 0.0000, 98.2700
575, I, A, 0.6245, 98.4400
576, A, A, 0.8247, 98.4000
577, G, A, 0.0000, 98.2700
578, G, A, 0.0000, 98.3000
579, I, A, 1.1962, 98.3500
580, A, A, 1.2344, 98.3300
581, G, A, 0.0000, 97.9300
582, A, A, 0.0000, 97.1000
583, L, A, 2.4791, 96.8700
584, I, A, 3.5180, 97.0000
585, Y, A, 0.0000, 96.3500
586, D, A, 0.0000, 93.8100
587, I, A, 4.0261, 93.7700
588, F, A, 4.0370, 93.6300
589, I, A, 2.9385, 91.3600
590, F, A, 0.0000, 89.4300
591, T, A, 0.8511, 82.3500
592, G, A, 0.1375, 76.0100
593, C, A, 0.1855, 72.7400
594, E, A, 0.0000, 77.5900
595, S, A, 0.0000, 85.3400
596, P, A, 0.4123, 83.8800
597, V, A, 0.9592, 85.3600
598, N, A, 0.3677, 78.7400
599, Y, A, -0.2394, 72.6000
600, P, A, 0.0000, 57.1000
601, D, A, -2.2013, 53.9400
602, N, A, -1.8300, 49.7200
603, G, A, -1.4296, 48.7300
604, Y, A, -0.5426, 49.2000
605, I, A, -1.3454, 49.8300
606, E, A, -2.2324, 52.3100
607, N, A, -2.3849, 54.6700
608, R, A, -2.6093, 52.1300
609, V, A, -1.6113, 54.7300
610, G, A, -1.9725, 51.9800
611, K, A, -2.6540, 56.5300
612, L, A, -1.2449, 45.5100
613, L, A, -0.9326, 45.7900
614, H, A, -1.6418, 53.9000
615, A, A, -1.4136, 52.7800
616, E, A, -1.9516, 46.2900
617, F, A, -1.1457, 45.2900
618, H, A, -2.3553, 49.4600
619, Q, A, -2.9729, 46.8600
620, N, A, -2.6954, 44.8800
621, D, A, -2.6771, 44.7600
622, G, A, -1.6669, 39.5100
623, T, A, -0.7361, 39.9300
624, V, A, 0.2579, 36.1100
625, S, A, -1.0021, 33.4800
626, D, A, -2.5171, 35.6900
627, E, A, -2.4974, 36.5800
628, S, A, -1.5690, 35.6100
629, G, A, -0.7635, 37.5200
630, V, A, 0.4519, 35.6900
631, N, A, -0.9854, 37.2000
632, S, A, -1.0719, 36.4700
633, N, A, -1.8909, 40.9500
634, S, A, -1.6875, 40.2200
635, N, A, -1.7987, 40.5000
636, T, A, -1.2220, 44.5400
637, G, A, -1.2913, 37.3000
638, S, A, -1.6717, 39.4600
639, K, A, -2.8033, 37.5400
640, K, A, -2.3310, 39.8500
641, S, A, -0.7940, 43.7400
642, V, A, 1.1629, 43.0900
643, P, A, 0.2759, 45.0000
644, T, A, -0.0302, 44.8700
645, S, A, -0.4048, 46.1600
646, S, A, -0.3360, 42.7700
