RESIDUE_ID, RESIDUE_NAME, CHAIN, A3D_SCORE, AF_SCORE
38, K, A, -2.5142, 72.2100
39, S, A, -2.4552, 73.3300
40, K, A, -3.0950, 71.2600
41, E, A, -2.9915, 71.9600
187, D, A, -3.7635, 74.0200
188, D, A, -4.1808, 72.5700
189, E, A, -4.8213, 74.4500
190, E, A, -4.2546, 72.6900
191, W, A, -3.1362, 71.1100
192, R, A, -3.9430, 75.1400
193, S, A, -2.7592, 73.9300
194, K, A, -2.9449, 73.4500
195, R, A, -2.5612, 72.8700
196, I, A, -0.0003, 71.4700
204, P, A, -0.0320, 70.1500
207, V, A, 0.2765, 76.0100
208, R, A, -2.3126, 74.5900
209, H, A, -2.6645, 71.8000
210, E, A, -3.2564, 76.3600
211, D, A, -2.1929, 75.2200
212, V, A, -1.7657, 76.3000
213, E, A, -3.0876, 75.5100
214, T, A, -2.3108, 77.9800
215, V, A, -1.5354, 75.5300
216, K, A, -3.1596, 78.0800
217, R, A, -3.7890, 76.4600
218, E, A, -3.1400, 75.5600
219, I, A, -1.0535, 74.8200
220, Q, A, -2.6730, 73.0100
221, E, A, -3.0511, 71.3900
243, G, A, 0.1578, 73.8800
244, L, A, 0.9881, 75.4800
245, Q, A, -0.8203, 76.9400
246, S, A, -1.0170, 81.9300
247, Y, A, -0.3217, 84.4000
248, L, A, -1.3607, 84.8900
249, E, A, -3.3190, 87.6700
250, E, A, -4.0595, 88.7900
251, R, A, -4.5010, 87.3900
252, E, A, -4.8525, 86.9100
253, R, A, -4.8432, 88.6800
254, Q, A, -4.3800, 88.8600
255, V, A, -3.2678, 85.0300
256, N, A, -3.7351, 80.2900
257, E, A, -4.1460, 85.1900
258, K, A, -3.2719, 82.9400
259, L, A, -0.9594, 73.7800
260, A, A, -1.5820, 75.3000
261, D, A, -2.4889, 76.2600
273, G, A, -2.0184, 76.2300
274, K, A, -2.8647, 78.7400
275, E, A, -3.2099, 78.0400
276, A, A, -1.8393, 80.5300
277, A, A, -1.4794, 83.9500
278, A, A, -1.6859, 85.2000
279, E, A, -1.7255, 84.7300
280, L, A, -0.0850, 85.2900
281, E, A, -1.0564, 86.8800
282, L, A, 0.5978, 86.9100
283, L, A, 0.2831, 87.8000
284, N, A, -0.7184, 89.2600
285, A, A, -0.4717, 90.1300
286, D, A, -0.5737, 91.4400
287, H, A, 0.0000, 92.5500
288, Q, A, -1.0718, 90.5600
289, H, A, -1.2953, 89.4800
290, I, A, 0.0000, 90.4700
291, L, A, -1.1991, 90.5200
292, R, A, -2.3731, 89.8300
293, K, A, -2.1809, 87.4600
294, L, A, -1.9787, 87.4900
295, K, A, -3.5924, 87.5100
296, K, A, -3.8464, 86.7100
297, M, A, 0.0000, 84.7800
298, N, A, -3.5257, 79.7300
299, N, A, -3.6035, 76.3700
300, K, A, -3.9010, 84.1800
301, P, A, -2.6710, 81.7200
302, E, A, -2.8452, 85.4700
303, R, A, -3.1955, 88.7900
304, F, A, -0.4864, 89.9500
305, M, A, 0.0000, 90.3000
306, V, A, 0.8033, 92.2300
307, F, A, 0.7625, 92.3700
308, Q, A, -0.0323, 93.2600
309, L, A, 0.2948, 90.7300
310, P, A, -0.3370, 89.3800
311, T, A, -0.8586, 84.5400
312, R, A, -1.6141, 82.4900
313, L, A, -0.0955, 81.4700
314, P, A, 0.1339, 79.8700
315, A, A, 0.6709, 71.1500
316, F, A, 1.8610, 73.1800
357, A, A, -0.3518, 76.0400
358, G, A, -1.0667, 83.3600
359, K, A, -1.6693, 85.0800
360, V, A, -0.1162, 86.5400
361, G, A, -0.7678, 88.4200
362, S, A, -0.4885, 91.9600
363, I, A, 0.2554, 92.8100
364, R, A, -0.5744, 93.1400
365, V, A, 0.4702, 93.2600
366, H, A, -0.9892, 92.5700
367, K, A, -1.9295, 90.6300
368, S, A, -1.2647, 86.2600
369, G, A, -1.1421, 86.4000
370, K, A, -0.9580, 90.6700
371, L, A, 0.0000, 93.2400
372, S, A, 0.0000, 93.4600
373, V, A, 0.0000, 93.0800
374, K, A, -0.9683, 91.7900
375, I, A, 0.0000, 89.2000
376, G, A, -0.2079, 84.3600
377, N, A, -0.8802, 84.3500
378, V, A, -0.2633, 88.0200
379, V, A, -0.3192, 91.6000
380, M, A, 0.0000, 92.8100
381, D, A, -0.6880, 92.7700
382, I, A, 0.0000, 94.0100
383, G, A, -0.5291, 91.9100
384, K, A, -1.0117, 91.9200
385, G, A, 0.0000, 90.4600
386, A, A, -1.0255, 88.9800
387, E, A, -1.8481, 85.2300
388, T, A, -0.1695, 83.3900
389, T, A, 0.7436, 84.4200
390, F, A, 2.3160, 88.1100
391, L, A, 1.8575, 87.8700
392, Q, A, 0.6230, 91.9600
393, D, A, 0.0477, 91.8200
394, V, A, 1.0073, 92.0200
395, I, A, 2.4810, 92.8900
396, A, A, 1.9150, 91.2700
397, L, A, 2.2132, 91.7200
398, S, A, 1.1654, 88.0000
399, I, A, 1.5351, 86.7100
400, A, A, -0.3687, 80.2200
401, D, A, -2.2068, 74.0800
402, D, A, -2.4044, 75.0500
404, S, A, -0.0281, 83.3200
405, S, A, -0.0828, 85.9800
406, A, A, 0.7408, 88.4900
407, E, A, 0.0527, 89.2800
408, L, A, 1.3619, 90.7000
409, L, A, 0.8970, 89.6000
410, G, A, 0.0000, 90.7700
411, R, A, -1.5141, 90.3600
412, V, A, -0.5422, 91.1700
413, D, A, -1.1792, 86.9200
414, G, A, 0.0000, 88.8600
415, K, A, -0.5476, 92.6800
416, I, A, 0.0000, 93.4100
417, V, A, 0.3765, 94.2200
418, V, A, 0.0000, 93.0300
419, T, A, -0.0155, 92.1300
420, P, A, -0.0868, 90.1800
421, Q, A, -0.1204, 82.7100
422, I, A, 1.4313, 71.9500
