RESIDUE_ID, RESIDUE_NAME, CHAIN, A3D_SCORE, AF_SCORE
115, A, A, -1.4818, 73.4300
117, R, A, -3.2014, 74.3100
118, K, A, -3.5170, 76.0600
119, R, A, -3.4373, 72.4300
120, P, A, -2.1331, 75.1800
122, Q, A, -1.1935, 74.7000
124, V, A, 0.4034, 74.5000
125, K, A, -1.4634, 71.8300
127, K, A, -2.2289, 75.9000
128, E, A, -1.7875, 76.2900
129, V, A, 0.5665, 77.9500
130, Y, A, 0.8070, 77.1700
131, D, A, -0.6310, 80.7500
132, P, A, -0.5401, 78.2500
133, S, A, -1.0630, 85.3700
134, H, A, -1.5950, 84.0100
135, N, A, -2.3294, 81.5000
136, M, A, -1.0488, 81.1400
137, I, A, -1.0431, 85.5200
138, Q, A, -2.8550, 85.5200
139, K, A, -3.2975, 85.9200
140, L, A, -2.3754, 83.5600
141, R, A, -3.7373, 85.6700
142, A, A, -3.2447, 84.5600
143, K, A, -3.7807, 84.1700
144, N, A, -3.8235, 80.0500
145, E, A, -3.5847, 77.8700
146, T, A, -2.1334, 70.4900
241, F, A, 0.9035, 71.9500
242, D, A, -0.6138, 74.5600
243, P, A, -0.1017, 78.5400
244, I, A, 1.2115, 79.4000
245, L, A, 1.3174, 78.1400
246, T, A, 0.6616, 79.4900
247, I, A, 1.3935, 76.2000
248, G, A, -0.5295, 81.3500
249, K, A, -1.8024, 78.8500
251, E, A, -0.6933, 79.0000
252, L, A, 1.3305, 71.0000
253, S, A, 0.4601, 77.1700
254, V, A, 0.2856, 80.9200
255, S, A, -0.8322, 75.7700
256, E, A, -1.7528, 79.0300
379, E, A, -1.4536, 77.2400
380, F, A, -0.5156, 79.9800
381, G, A, 0.0981, 78.6300
382, F, A, 0.6061, 79.9000
383, K, A, -1.3346, 80.5500
384, E, A, -1.7230, 81.3400
385, E, A, -1.5910, 79.7000
386, D, A, 0.0000, 81.5500
387, F, A, 1.4969, 80.9700
388, V, A, 1.3044, 79.4000
389, I, A, 0.0000, 73.8300
390, N, A, -0.9626, 76.3100
391, T, A, -0.8412, 70.4400
392, N, A, -1.9648, 78.3600
393, D, A, -1.7157, 80.9500
394, I, A, 0.0000, 84.7400
395, V, A, -0.3606, 87.4400
396, V, A, -0.1798, 88.8900
397, S, A, -0.3457, 87.0100
398, N, A, -0.7939, 88.4200
399, I, A, -0.7428, 89.6300
400, R, A, -2.0184, 87.9300
401, M, A, -0.7397, 83.8100
402, G, A, -0.9376, 80.2300
403, G, A, -0.3331, 75.5300
404, V, A, 0.6326, 76.6400
405, D, A, -1.9286, 81.8500
406, N, A, -1.7084, 88.9700
407, S, A, -1.5527, 90.8400
408, Y, A, 0.0000, 91.2600
409, Y, A, -0.3186, 92.5400
410, L, A, 0.0000, 90.9300
411, R, A, -1.5837, 89.8100
412, C, A, 0.0000, 86.6500
413, Y, A, -0.4220, 85.6500
414, R, A, -1.7499, 82.5600
415, L, A, -0.8102, 82.9200
416, L, A, -0.7547, 83.6800
417, G, A, -1.2261, 82.6100
418, D, A, -1.8897, 88.0500
419, Y, A, -0.6255, 86.6000
420, D, A, -1.8929, 88.4500
421, F, A, -0.8529, 90.0700
422, H, A, -0.6711, 89.9000
423, W, A, 0.0714, 92.6800
424, I, A, 0.0000, 90.9800
425, D, A, -1.8143, 91.2300
426, Q, A, -1.8709, 90.0600
427, D, A, -2.5796, 89.4700
428, L, A, -0.9447, 89.1000
429, L, A, 0.0000, 88.0400
430, T, A, -2.0148, 88.9300
431, D, A, -2.9630, 89.2600
432, F, A, 0.0000, 87.9000
433, V, A, 0.0000, 86.7700
434, V, A, -2.1871, 86.4900
435, D, A, -3.3238, 84.3200
436, E, A, -3.1852, 81.1900
437, L, A, -1.7296, 80.3400
438, G, A, -1.6262, 82.3200
439, L, A, 0.0000, 83.6300
440, P, A, -1.8523, 83.3600
441, E, A, -3.0887, 83.8600
442, D, A, -2.9081, 83.9100
443, R, A, -2.1121, 85.8200
444, L, A, -1.1761, 85.2000
445, P, A, -1.2653, 86.1800
446, A, A, -1.2751, 84.7200
447, Y, A, 0.0000, 87.4000
448, L, A, 0.0000, 87.2100
449, N, A, -1.6878, 85.7400
450, F, A, -0.6890, 86.0300
451, I, A, 0.0000, 87.2600
452, K, A, -0.7312, 84.8400
453, N, A, -0.8201, 82.6200
454, S, A, -0.0653, 80.8700
455, L, A, 0.8241, 79.7600
456, I, A, 1.5616, 75.0400
504, G, A, -0.3447, 76.2500
505, L, A, 0.8727, 78.4000
506, D, A, -0.9555, 80.5100
507, D, A, -0.7212, 82.6200
508, L, A, 1.4433, 81.4600
509, I, A, 1.5933, 82.9700
510, A, A, 0.6201, 82.9600
511, Y, A, 1.2672, 82.3900
512, T, A, 0.6466, 81.4100
513, L, A, 0.6865, 81.5000
514, K, A, -1.0798, 80.8700
515, H, A, -1.4846, 72.6100
516, D, A, -1.4376, 73.0000
518, E, A, -3.0194, 73.4300
519, R, A, -2.4463, 70.4600
520, F, A, -0.2212, 71.4200
521, K, A, -1.6381, 76.0400
522, T, A, -0.3180, 74.5500
523, F, A, 0.5608, 77.4500
524, E, A, -1.6575, 77.9100
525, T, A, -1.1231, 76.2200
526, K, A, -2.1284, 75.6500
527, S, A, -1.2656, 80.4000
528, L, A, 0.0580, 78.4500
529, E, A, -1.4562, 85.4300
530, T, A, -1.8597, 85.3700
531, K, A, -2.8772, 84.8100
532, G, A, -3.4500, 83.4800
533, K, A, -3.8475, 80.1500
534, G, A, -2.9953, 73.9100
535, K, A, -3.7604, 74.5000
536, K, A, -4.3027, 80.7800
537, K, A, -3.9135, 83.9100
538, K, A, -2.8555, 84.3500
539, L, A, 0.0000, 83.3400
540, L, A, 0.4408, 80.9100
541, I, A, 2.1946, 72.1500
547, L, A, 0.7663, 73.8000
548, D, A, -1.8198, 84.1200
549, T, A, -1.7572, 83.5800
550, E, A, -2.7230, 87.8300
551, T, A, -1.5374, 87.7500
552, L, A, -0.9269, 85.9800
553, E, A, -2.7956, 87.2300
554, T, A, -1.6795, 91.3000
555, L, A, -1.1951, 90.1400
556, Q, A, -1.9081, 88.5700
557, S, A, -2.0556, 90.2900
558, K, A, -2.6342, 92.4500
559, F, A, -2.3018, 89.4600
560, S, A, -3.1027, 88.0700
561, K, A, -3.7052, 90.7500
562, R, A, -3.8306, 89.9400
563, I, A, -2.9669, 87.7200
564, E, A, -4.3468, 88.8900
565, T, A, -4.0825, 91.4700
566, K, A, -4.5902, 91.7700
567, A, A, -4.2312, 86.4800
568, K, A, -5.1296, 89.7600
569, K, A, -5.3790, 91.6000
570, R, A, -5.4932, 87.8000
571, K, A, -4.8287, 86.8300
572, A, A, -3.5829, 89.4100
573, K, A, -3.7829, 89.4200
574, E, A, -3.5167, 82.8800
575, D, A, -2.6146, 85.5000
576, F, A, -1.0149, 85.9200
577, I, A, -1.2706, 84.1200
578, D, A, -2.4259, 82.5300
579, Q, A, -2.9003, 83.9600
580, E, A, -3.1824, 84.4300
581, N, A, 0.0000, 85.6500
582, R, A, -3.9771, 80.2300
583, N, A, -3.6729, 79.6100
584, S, A, -3.1779, 81.2100
585, N, A, -2.7190, 77.8600
586, D, A, -2.6657, 85.0600
587, M, A, 0.0000, 86.5100
588, L, A, -0.7681, 85.2900
589, K, A, -2.6618, 85.0500
590, K, A, -2.7290, 89.6700
591, Y, A, -0.6652, 89.2600
592, P, A, 0.4028, 84.2100
593, Y, A, 1.6713, 83.5400
594, G, A, 1.2139, 88.0900
595, L, A, 0.0000, 89.3000
596, H, A, -0.7957, 91.8800
597, I, A, 0.0000, 91.9100
598, Q, A, -2.1952, 92.0700
599, N, A, -1.9740, 92.1900
600, I, A, 0.0000, 92.9000
601, K, A, -2.2623, 92.9400
602, D, A, -2.8204, 92.4300
603, E, A, -1.9002, 92.6100
604, F, A, 0.0000, 92.7400
605, E, A, -1.6109, 91.1000
606, S, A, -1.4978, 89.9200
607, F, A, 0.0000, 91.6300
608, L, A, -1.3744, 88.4500
609, S, A, -1.1991, 86.9800
610, R, A, -2.4484, 86.2600
611, N, A, -2.9848, 85.4700
612, N, A, -3.4259, 85.4100
613, D, A, -3.6338, 88.6500
614, R, A, -3.3329, 92.4200
615, L, A, -1.6859, 93.2400
616, T, A, -0.4827, 93.4900
617, F, A, 0.0000, 93.7600
618, P, A, 0.0000, 92.2200
619, P, A, 0.0000, 91.8600
620, L, A, 0.0000, 91.4300
621, D, A, -0.9906, 90.9200
622, P, A, -1.3363, 90.6400
623, H, A, -1.8015, 90.5600
624, G, A, 0.0000, 92.3500
625, N, A, 0.0000, 93.4200
626, K, A, -2.4926, 93.3400
627, T, A, -1.7635, 93.9000
628, V, A, 0.0000, 94.6600
629, M, A, -1.8245, 94.8100
630, K, A, -1.7327, 94.1900
631, I, A, 0.0000, 94.3700
632, A, A, 0.0000, 94.5100
633, K, A, -2.6079, 94.1000
634, H, A, -1.3495, 93.4400
635, Y, A, 0.0000, 93.3100
636, N, A, -2.1427, 92.7100
637, M, A, 0.0000, 93.9500
638, K, A, -2.2967, 94.8800
639, S, A, -1.6818, 95.1300
640, S, A, -0.8822, 94.7500
641, K, A, -1.4941, 93.7000
642, I, A, -0.1050, 92.5000
643, G, A, -1.4773, 88.7100
644, K, A, -2.4580, 86.0000
645, A, A, -1.5945, 83.5500
646, N, A, -2.2146, 82.9100
647, H, A, -2.0538, 86.1700
648, T, A, -1.6983, 91.7900
649, S, A, 0.0000, 92.9800
650, V, A, 0.0000, 94.7600
651, V, A, -0.6399, 95.0600
652, V, A, 0.0000, 95.3700
653, E, A, -2.1469, 94.6200
654, K, A, -2.6260, 92.9500
655, I, A, -1.9393, 92.0700
656, K, A, -2.4355, 88.9600
657, K, A, -2.4434, 86.5500
658, T, A, 0.0000, 86.4100
659, K, A, -2.0391, 81.9800
660, W, A, -0.4371, 83.3600
661, S, A, -0.9017, 85.8300
662, S, A, -0.6716, 83.6300
663, P, A, -0.6579, 87.2900
664, N, A, -1.1565, 90.1800
665, Y, A, -0.0540, 91.8400
666, S, A, -0.3936, 91.0600
667, L, A, -0.1724, 90.4200
668, I, A, 0.0000, 91.1200
669, D, A, -2.0318, 90.6200
670, Q, A, -2.0909, 90.4500
671, L, A, 0.0000, 88.4900
672, M, A, -2.3007, 88.2000
673, R, A, -3.1708, 86.7000
674, Q, A, -2.6850, 85.8600
675, R, A, -1.6520, 87.6400
676, P, A, -1.1300, 88.3200
677, V, A, 0.2228, 89.5400
678, F, A, 0.0000, 91.1700
679, M, A, 1.1897, 89.3200
680, R, A, 0.7735, 90.4700
681, I, A, 0.3414, 86.7200
682, D, A, -0.2236, 84.3700
683, I, A, 1.7948, 81.5700
706, K, A, -3.1003, 75.1400
707, E, A, -3.3931, 77.1900
708, G, A, -2.5109, 78.8000
709, E, A, -2.4276, 80.1200
710, I, A, -0.5250, 78.5200
711, V, A, 1.2167, 75.3500
712, G, A, -0.4117, 73.8800
713, Q, A, -1.5874, 78.9400
714, N, A, -1.9376, 72.7100
715, A, A, -1.2335, 72.2000
716, P, A, -1.4547, 77.1700
717, E, A, -1.8389, 79.4500
718, I, A, -0.6729, 81.5000
719, G, A, -1.7685, 83.3900
720, N, A, -2.8217, 84.0600
721, E, A, -2.5604, 87.7100
722, N, A, -1.2765, 86.9300
723, I, A, 0.3674, 87.6300
724, G, A, -0.4735, 86.7200
725, R, A, -1.6998, 87.4800
726, R, A, -2.5437, 88.8600
727, M, A, -0.5235, 90.0300
728, L, A, -0.6974, 88.2300
729, E, A, -2.6414, 89.4100
730, K, A, -2.1908, 89.6700
731, L, A, -0.1265, 87.0900
732, G, A, -1.2362, 86.0700
733, W, A, -1.5519, 83.8100
734, K, A, -2.5892, 81.6300
735, S, A, -1.9318, 77.9500
736, G, A, -1.7336, 77.8500
737, E, A, -1.8946, 78.2400
738, G, A, -1.1040, 74.5000
739, L, A, 0.6370, 71.2900
740, G, A, -0.0094, 72.0300
748, S, A, -1.2184, 71.8800
749, E, A, -1.3987, 74.2700
750, P, A, 0.0808, 72.5700
751, I, A, 2.3708, 72.8100
752, F, A, 2.3758, 76.7700
753, A, A, 0.9928, 78.6500
754, K, A, -1.2819, 80.8800
755, I, A, -1.6298, 78.6500
756, K, A, -4.0840, 78.5000
757, K, A, -4.1337, 74.7200
758, N, A, -3.5847, 77.2300
759, R, A, -3.2307, 70.0300
761, G, A, -0.9161, 70.6000
762, L, A, 1.0824, 71.1100
