RESIDUE_ID, RESIDUE_NAME, CHAIN, A3D_SCORE, AF_SCORE
1, M, A, 1.0846, 74.4800
2, V, A, 0.0000, 88.7500
3, V, A, 1.1541, 89.1300
4, L, A, -0.5562, 92.5400
5, D, A, -2.7861, 94.1600
6, K, A, -3.5723, 95.1000
7, K, A, -3.6890, 96.5900
8, L, A, -2.6668, 96.7600
9, L, A, 0.0000, 97.3200
10, E, A, -3.8157, 97.5300
11, R, A, -3.1149, 97.9400
12, L, A, 0.0000, 97.5600
13, T, A, -2.1926, 96.8600
14, S, A, -2.2302, 95.5700
15, R, A, -3.1686, 92.7900
16, K, A, -3.0946, 93.8400
17, V, A, 0.0000, 96.8300
18, P, A, -1.7779, 97.6300
19, L, A, -1.7788, 98.3800
20, E, A, -2.6296, 98.0600
21, E, A, -2.5348, 98.1700
22, L, A, 0.0000, 98.4100
23, E, A, -2.7658, 98.3000
24, D, A, -3.6071, 97.7200
25, M, A, 0.0000, 97.1500
26, E, A, 0.0000, 97.9300
27, K, A, -3.3993, 96.3700
28, R, A, -2.9789, 96.6100
29, C, A, 0.0000, 98.0900
30, F, A, -1.1362, 97.4400
31, L, A, 0.0000, 97.2500
32, S, A, -0.7875, 95.0300
33, T, A, -0.3869, 94.6400
34, F, A, 0.3144, 97.4000
35, T, A, 0.4511, 97.5500
36, Y, A, 1.1317, 98.3400
37, Q, A, -0.1941, 97.9800
38, D, A, -0.0445, 97.6600
39, A, A, 0.0000, 98.6400
40, F, A, 1.3568, 98.7000
41, D, A, -0.0196, 98.0200
42, L, A, 0.0000, 98.3900
43, G, A, 0.0000, 98.6900
44, T, A, -0.3762, 98.4600
45, Y, A, -0.1931, 98.0800
46, I, A, 0.0000, 98.5200
47, R, A, -1.8601, 98.4900
48, N, A, -2.3995, 97.9100
49, A, A, 0.0000, 98.0500
50, V, A, 0.0000, 98.2300
51, K, A, -3.0176, 97.5400
52, E, A, -2.8645, 97.0200
53, N, A, -1.6168, 97.4500
54, F, A, -1.8032, 97.6100
55, P, A, -2.2814, 96.8200
56, E, A, -2.6284, 97.2600
57, K, A, -1.9065, 98.1500
58, P, A, -0.8657, 98.2700
59, V, A, 0.0000, 98.7800
60, A, A, 0.0000, 98.8200
61, I, A, 0.0000, 98.9100
62, D, A, 0.0000, 98.9400
63, I, A, 0.0000, 98.9100
64, S, A, 0.0000, 98.8800
65, L, A, -0.2688, 98.8100
66, P, A, -0.8630, 98.6600
67, N, A, -1.5860, 98.3000
68, G, A, -1.3780, 98.0500
69, H, A, -1.0897, 98.5900
70, C, A, -0.1691, 98.8100
71, L, A, 0.7028, 98.7900
72, F, A, 0.5651, 98.8900
73, R, A, -0.3705, 98.8400
74, T, A, -0.0931, 98.8300
75, V, A, 0.1576, 98.7100
76, T, A, 0.0000, 98.2800
77, Y, A, -0.1590, 97.9900
78, G, A, -0.5609, 97.6500
79, G, A, -0.7994, 97.9700
80, S, A, -0.3653, 97.5100
81, A, A, 0.0197, 98.1700
82, L, A, 0.7904, 98.5300
83, D, A, -0.7920, 98.5200
84, N, A, -0.3828, 98.4900
85, D, A, -0.3892, 98.6700
86, F, A, 0.3935, 98.6500
87, W, A, -0.3332, 98.7300
88, I, A, 0.0000, 98.8200
89, Q, A, -1.1002, 98.7100
90, R, A, -1.3877, 98.7800
91, K, A, 0.0000, 98.8700
92, K, A, 0.0000, 98.8500
93, K, A, -1.7487, 98.7600
94, T, A, 0.0000, 98.8900
95, A, A, 0.0000, 98.8700
96, L, A, -0.9198, 98.7200
97, R, A, -1.8350, 98.6900
98, F, A, -0.6863, 98.6100
99, G, A, -0.4707, 97.9700
100, H, A, -0.7315, 98.7400
101, S, A, 0.0000, 98.8000
102, S, A, 0.0000, 98.8300
103, F, A, 0.0000, 98.7800
104, Y, A, 0.0000, 98.7500
105, M, A, 0.0000, 98.7500
106, G, A, -1.2081, 98.5300
107, C, A, -1.3977, 98.2200
108, K, A, -1.4759, 98.3400
109, K, A, -1.8910, 98.1300
110, G, A, -2.2360, 96.5700
111, D, A, -2.6604, 96.5200
112, K, A, -2.8274, 97.6500
113, T, A, -1.9696, 98.2100
114, P, A, -1.6704, 98.5600
115, E, A, -1.6810, 98.6200
116, E, A, -2.3819, 98.2700
117, K, A, -1.7645, 98.3000
118, F, A, -0.1202, 98.5300
119, F, A, 0.7258, 98.4100
120, V, A, -0.7641, 98.6000
121, D, A, -2.3508, 98.5100
122, S, A, -2.0058, 97.7000
123, K, A, -2.7564, 98.0500
124, E, A, -3.0294, 98.4300
125, Y, A, -2.1422, 98.7700
126, A, A, 0.0000, 98.6700
127, F, A, 0.0000, 98.6400
128, H, A, -0.8596, 98.4400
129, G, A, 0.0000, 98.5500
130, G, A, 0.0000, 98.5300
131, A, A, 0.0000, 98.8800
132, V, A, 0.0000, 98.8900
133, L, A, 0.0000, 98.8100
134, I, A, 0.0000, 98.6900
135, Q, A, -1.1241, 98.3700
136, S, A, 0.0000, 97.1600
137, E, A, -3.1485, 93.3900
138, R, A, -2.9819, 93.4300
139, S, A, -1.8746, 95.9900
140, D, A, -1.9130, 96.4400
141, Y, A, -0.0660, 97.7400
142, P, A, -0.0180, 98.4100
143, Y, A, 0.3959, 98.3900
144, A, A, 0.0000, 98.7100
145, C, A, 0.0000, 98.9000
146, L, A, 0.0000, 98.9000
147, T, A, 0.0000, 98.9300
148, I, A, 0.0000, 98.8200
149, S, A, 0.0000, 98.6900
150, G, A, -1.0069, 98.0300
151, L, A, -1.0839, 97.9600
152, K, A, -1.9684, 97.7400
153, Q, A, -1.4490, 98.1100
154, E, A, 0.0000, 98.2700
155, E, A, 0.0000, 98.4000
156, D, A, 0.0000, 98.6100
157, H, A, 0.0000, 98.6200
158, L, A, 0.0000, 98.2200
159, M, A, 0.0000, 98.5100
160, A, A, 0.0000, 98.6700
161, V, A, 0.0000, 98.2900
162, S, A, 0.0282, 97.9300
163, S, A, 0.0000, 98.1000
164, L, A, 0.0000, 97.8700
165, I, A, -0.6119, 97.1000
166, A, A, -0.1758, 96.9400
167, F, A, -0.4983, 97.0900
168, A, A, -1.0395, 94.9400
169, N, A, -2.1914, 93.3600
170, E, A, -2.7734, 91.5800
171, S, A, -2.1083, 86.0900
172, L, A, -1.2947, 85.3900
173, E, A, -2.9820, 87.0900
174, E, A, -3.2346, 82.1200
175, D, A, -2.2221, 78.4900
176, L, A, -0.4124, 81.9500
177, N, A, -1.2413, 81.7700
178, L, A, 0.1263, 72.3300
