RESIDUE_ID, RESIDUE_NAME, CHAIN, A3D_SCORE, AF_SCORE
12, A, A, -0.0394, 70.5500
13, P, A, -0.2514, 76.0000
14, T, A, -0.9551, 80.5200
15, A, A, -0.7076, 82.9600
16, S, A, 0.0000, 81.6600
17, Q, A, -0.4540, 83.9500
18, L, A, 0.5243, 80.8700
19, Q, A, -0.8062, 82.9200
20, N, A, -0.7485, 82.2100
21, P, A, -0.6196, 81.4700
22, P, A, -0.6875, 81.5500
23, P, A, -0.6744, 85.0700
24, P, A, -0.6423, 88.4100
25, P, A, -0.9839, 87.2200
26, S, A, 0.0000, 84.4000
27, T, A, -0.8309, 86.2200
28, T, A, -1.5354, 81.1200
29, K, A, -2.0231, 75.5500
51, G, A, -1.5961, 72.2000
52, P, A, -2.0350, 82.1600
53, E, A, -2.6511, 85.1000
54, L, A, -1.5738, 87.9700
55, S, A, 0.0000, 91.1900
56, R, A, -3.3727, 90.6800
57, K, A, -3.2613, 93.8800
58, L, A, 0.0000, 95.0100
59, S, A, -2.2647, 94.5000
60, Q, A, -2.3492, 93.5000
61, L, A, -1.2932, 95.5500
62, V, A, 0.0000, 96.0800
63, K, A, -2.1031, 94.0800
64, I, A, -0.2112, 95.3000
65, E, A, -0.9314, 97.3100
66, K, A, -2.0285, 96.2300
67, N, A, -1.8951, 95.1100
68, V, A, -0.5621, 96.7300
69, L, A, 0.0000, 96.2400
70, R, A, -1.8068, 94.4400
71, S, A, -0.5547, 96.2300
72, M, A, -0.4022, 96.7700
73, E, A, 0.0000, 95.8300
74, L, A, 0.0501, 95.9700
75, T, A, -0.9164, 96.5300
76, A, A, 0.0000, 95.9000
77, N, A, -2.3445, 95.3700
78, E, A, -2.8735, 97.5600
79, R, A, -2.3161, 97.3500
80, R, A, -2.2878, 95.4800
81, D, A, -3.1979, 97.0200
82, A, A, -1.9111, 97.4900
83, A, A, 0.0000, 96.4600
84, K, A, -1.3760, 96.4200
85, Q, A, -1.1863, 97.8400
86, L, A, 0.4072, 97.1000
87, S, A, 0.7394, 95.3300
88, I, A, 1.8159, 96.2900
89, W, A, 1.3919, 98.1500
90, G, A, 0.0000, 96.6000
91, L, A, 0.8653, 95.0100
92, E, A, -1.2565, 94.7600
93, N, A, -1.8039, 94.9800
94, D, A, -2.4632, 95.2200
95, D, A, -2.6641, 95.4900
96, D, A, -1.5384, 95.9100
97, V, A, -0.8378, 97.2500
98, S, A, -0.6524, 96.8200
99, D, A, 0.0000, 97.0500
100, I, A, 0.0000, 97.4700
101, T, A, 0.0000, 97.6200
102, D, A, 0.1575, 96.6500
103, K, A, -0.0640, 97.4400
104, L, A, 0.2989, 97.6900
105, G, A, 0.0000, 95.7700
106, V, A, 1.0003, 96.2000
107, L, A, 0.0000, 97.1200
108, I, A, 0.6195, 97.3100
109, Y, A, 0.0762, 96.5500
110, E, A, -0.2582, 96.5800
111, V, A, 0.1652, 97.8100
112, S, A, 0.0000, 95.7400
113, E, A, -1.0260, 94.6100
114, L, A, -0.2904, 96.1400
115, D, A, 0.0000, 96.8700
116, D, A, -1.0274, 93.9600
117, Q, A, -0.6614, 94.2500
118, F, A, 0.0000, 97.2300
119, I, A, 0.0000, 97.4100
120, D, A, -0.8690, 95.8300
121, R, A, 0.0000, 96.5600
122, Y, A, 0.0000, 97.8600
123, D, A, 0.0000, 97.4100
124, Q, A, -0.4752, 96.7000
125, Y, A, 0.0000, 97.6400
126, R, A, 0.0000, 97.9000
127, L, A, -0.0531, 97.2400
128, T, A, -0.2080, 97.5800
129, L, A, 0.0000, 97.4900
130, K, A, -1.0727, 96.9600
131, S, A, -0.6618, 96.7300
132, I, A, 0.0000, 97.1700
133, R, A, -1.5564, 95.8900
134, D, A, -1.3346, 95.4300
135, I, A, -0.5927, 94.4800
136, E, A, -1.1508, 95.6200
137, G, A, -1.2317, 93.9700
138, S, A, -0.5914, 92.9100
139, V, A, 0.0000, 94.9200
140, Q, A, -1.3022, 92.9800
141, P, A, -1.4719, 94.4000
142, S, A, -2.0052, 93.9700
143, R, A, -2.6133, 93.4500
144, D, A, -3.0727, 94.9500
145, R, A, -4.2707, 95.0800
146, K, A, -3.9176, 95.2700
147, D, A, -4.4169, 95.5000
148, K, A, -4.3358, 96.7200
149, I, A, -2.9044, 96.5400
150, T, A, -2.8909, 96.9000
151, D, A, -3.3321, 96.9400
152, K, A, -2.4317, 96.1900
153, I, A, 0.0000, 95.9900
154, A, A, -0.9181, 96.0700
155, Y, A, -0.3329, 96.0500
156, L, A, -1.8131, 95.2000
157, K, A, -2.1166, 94.8900
158, Y, A, -0.4278, 95.3200
159, K, A, -2.2064, 95.6000
160, D, A, -3.1550, 93.5300
161, P, A, -2.4366, 92.5600
162, Q, A, -2.8059, 92.1400
163, S, A, -2.4051, 92.7400
164, P, A, -1.7069, 93.4800
165, K, A, -2.3396, 94.4400
166, I, A, 0.0000, 94.8900
167, E, A, -2.7735, 94.7900
168, V, A, -1.1569, 95.9800
169, L, A, 0.0000, 96.8800
170, E, A, -2.7375, 96.5000
171, Q, A, -2.3945, 96.4200
172, E, A, -2.5120, 96.5500
173, L, A, -2.3098, 97.1800
174, V, A, -0.8425, 97.2500
175, R, A, -2.6998, 96.0400
176, A, A, 0.0000, 96.9200
177, E, A, -1.7793, 96.8500
178, A, A, -0.5743, 96.5800
179, E, A, -1.6643, 95.5200
180, S, A, 0.0000, 94.9900
181, L, A, 1.1863, 96.1200
182, V, A, 1.3198, 95.9800
183, A, A, 0.0214, 95.3200
184, E, A, -0.2826, 95.6600
185, A, A, -0.0173, 96.4900
186, Q, A, -0.8541, 95.2200
187, L, A, 0.0000, 96.1800
188, S, A, -1.2748, 96.9400
189, N, A, -2.1110, 97.3600
190, I, A, -1.1969, 96.1400
191, T, A, -1.4769, 97.7700
192, R, A, -2.4288, 98.1900
193, S, A, -1.7986, 97.7000
194, K, A, -1.4968, 97.9900
195, L, A, -1.1525, 98.1800
196, R, A, -2.3126, 97.8500
197, A, A, -1.3365, 96.5100
198, A, A, 0.0000, 97.3500
199, F, A, -0.0239, 97.8400
200, N, A, -0.8733, 95.9600
201, Y, A, -0.0857, 96.1500
202, Q, A, 0.0000, 97.3000
203, F, A, 1.7366, 96.8100
204, D, A, 0.2747, 95.0800
205, S, A, 0.0000, 95.4200
206, I, A, 1.3545, 97.0400
207, I, A, 1.1110, 95.7400
208, E, A, 0.0000, 95.0600
209, H, A, 0.4129, 96.4400
210, S, A, 0.4668, 97.2200
211, E, A, 0.4112, 96.7200
212, K, A, 0.0000, 96.9500
213, I, A, 0.5483, 97.6200
214, A, A, 0.3019, 97.5500
215, L, A, 0.1977, 97.1300
216, I, A, 0.0000, 97.8500
217, A, A, -0.1408, 98.1700
218, G, A, -0.6321, 98.0500
219, Y, A, -0.3199, 98.2900
220, G, A, -0.5695, 98.0300
221, K, A, -1.8697, 98.2300
222, A, A, -1.0427, 97.8100
223, L, A, 0.0000, 97.3500
224, L, A, -0.8363, 97.7900
225, E, A, -2.0505, 96.7000
226, L, A, -0.9989, 95.3000
227, L, A, -0.8484, 95.0900
228, D, A, -2.2430, 93.5100
229, D, A, -2.4344, 94.6400
230, S, A, -1.4112, 94.3000
231, P, A, -0.7478, 93.6600
232, V, A, -0.5013, 93.0000
233, T, A, -0.7136, 93.7600
234, P, A, -0.9101, 93.8500
235, G, A, -1.4617, 93.3200
236, E, A, -2.1906, 90.8100
237, T, A, -1.3707, 89.7400
238, R, A, -1.7009, 91.9000
239, P, A, -1.0656, 91.8200
240, A, A, -1.0065, 92.7500
241, Y, A, -1.3683, 95.1400
242, D, A, -2.0819, 94.7200
243, G, A, -1.6687, 95.6900
244, Y, A, -1.4650, 96.2000
245, E, A, -2.5917, 97.1200
246, A, A, -1.5468, 97.3600
247, S, A, 0.0000, 96.3700
248, K, A, -2.2996, 96.8400
249, Q, A, -2.0109, 97.6200
250, I, A, -1.1522, 97.3000
251, I, A, 0.0000, 97.0300
252, I, A, -0.6184, 95.6500
253, D, A, -1.3126, 97.2500
254, A, A, 0.0000, 95.8100
255, E, A, -2.3049, 94.5300
256, S, A, -1.7293, 94.7500
257, A, A, -1.4320, 95.1800
258, L, A, 0.0000, 94.4800
259, N, A, -2.3098, 92.0100
260, E, A, -2.4806, 93.1900
261, W, A, 0.0000, 95.0300
262, T, A, -1.0497, 93.3800
263, L, A, -0.9298, 89.5000
264, D, A, -1.8142, 89.1800
265, S, A, -1.1843, 87.9200
266, A, A, -0.8984, 88.2000
267, Q, A, -1.0025, 86.8900
268, V, A, 0.3414, 85.2900
269, K, A, -1.0631, 82.7800
270, P, A, -0.4299, 83.3800
271, T, A, 0.5490, 83.5800
272, L, A, 1.7706, 82.2500
273, S, A, 1.4275, 79.4100
274, F, A, 2.3235, 75.9800
