RESIDUE_ID, RESIDUE_NAME, CHAIN, A3D_SCORE, AF_SCORE
9, I, A, 1.6010, 55.7500
11, D, A, -0.7784, 54.6700
12, Q, A, -0.2596, 55.0800
13, I, A, 1.9555, 53.1800
14, F, A, 1.7099, 54.9100
15, D, A, -0.4826, 57.8700
16, A, A, 0.3407, 51.2100
18, Y, A, 1.1820, 50.3700
22, S, A, 0.5201, 50.1800
26, V, A, 0.6582, 51.7600
29, D, A, -2.3396, 55.8300
30, E, A, -2.3909, 56.8500
31, I, A, -0.7741, 56.5700
32, K, A, -2.9457, 60.0600
33, N, A, -3.3625, 58.9700
34, H, A, -2.6138, 55.3800
35, V, A, -1.3838, 58.2700
36, E, A, -2.7755, 53.4900
37, K, A, -2.7330, 55.9600
38, S, A, -0.8994, 59.6900
39, I, A, 0.5377, 60.5100
40, E, A, -1.2617, 56.5700
41, S, A, 0.0639, 53.6200
42, I, A, 2.0040, 54.1000
43, S, A, 1.0727, 56.6200
46, I, A, 2.2543, 52.3700
64, V, A, 1.7496, 50.0400
67, T, A, 0.5082, 50.8100
73, Q, A, -2.1927, 50.3000
74, D, A, -2.5846, 51.8700
77, K, A, -1.0522, 52.1700
78, L, A, 0.9426, 51.7700
79, G, A, 0.8345, 52.1600
80, L, A, 1.8042, 51.5800
81, G, A, 1.4603, 56.1500
82, I, A, 2.5555, 59.9900
83, S, A, 1.9414, 71.6600
84, A, A, 1.9662, 69.3300
85, T, A, 2.0150, 71.9100
86, S, A, 2.4960, 73.3700
87, L, A, 3.2642, 72.9000
88, C, A, 2.9156, 70.4900
89, L, A, 3.2493, 71.9300
90, Y, A, 3.0984, 73.6900
91, L, A, 2.6354, 65.8600
92, G, A, 2.0008, 62.8900
93, Y, A, 1.9137, 66.2500
94, R, A, -0.3864, 63.1000
95, T, A, 0.1949, 60.2900
96, F, A, 1.0993, 58.4700
97, F, A, 0.5265, 61.8700
98, K, A, -1.4458, 67.6600
99, L, A, -0.8948, 69.4300
100, P, A, -0.8440, 75.6100
101, P, A, -1.2929, 74.0000
102, N, A, -2.0800, 77.5900
103, L, A, 0.0000, 76.3400
104, P, A, -1.8488, 72.7300
105, E, A, -2.5715, 66.4500
106, A, A, -1.2530, 61.3100
107, E, A, -1.6955, 69.4700
108, S, A, -1.3207, 77.7000
109, Q, A, 0.0000, 89.1000
110, V, A, 0.0000, 92.6800
111, V, A, 0.0000, 95.2400
112, L, A, 0.0000, 96.6200
113, I, A, 0.0000, 97.2500
114, L, A, 0.0000, 97.0700
115, G, A, 0.0000, 94.8300
116, D, A, -1.4604, 92.5200
117, M, A, 0.0000, 91.5600
118, N, A, -1.7925, 90.2700
119, D, A, 0.0000, 90.5900
120, P, A, -1.0963, 90.9500
121, I, A, 0.0000, 92.5200
122, I, A, 0.0000, 94.5700
123, R, A, -1.7935, 93.4700
124, N, A, -1.1371, 93.8900
125, Q, A, 0.0000, 95.2000
126, V, A, 0.0000, 94.8200
127, M, A, -0.9809, 93.5800
128, D, A, -1.2093, 93.8900
129, L, A, 0.0000, 94.2800
130, Y, A, -1.5140, 91.7900
131, R, A, -2.5872, 90.9600
132, R, A, -2.3218, 90.9400
133, R, A, -3.0273, 89.9400
134, F, A, 0.0000, 91.8600
135, T, A, 0.0000, 92.0800
136, V, A, 0.0000, 94.4200
137, Y, A, 0.0000, 95.0000
138, I, A, 0.0000, 95.2600
139, C, A, 0.0000, 95.2500
140, T, A, 0.0000, 94.4700
141, E, A, -2.0982, 90.8200
142, N, A, -1.6396, 88.6900
143, A, A, 0.0000, 88.7600
144, D, A, -2.0382, 88.3800
145, V, A, -0.2201, 88.1900
146, Y, A, -0.9843, 86.3400
147, K, A, -2.1399, 85.9700
148, K, A, -2.9558, 83.5000
149, H, A, -3.1734, 76.7500
150, E, A, -3.1317, 70.9600
151, E, A, -4.0481, 64.1200
152, D, A, -3.8326, 69.7500
153, Q, A, -2.7142, 73.6000
154, D, A, -2.3616, 79.9000
155, F, A, -0.4973, 85.3200
156, I, A, 0.0000, 90.8900
157, Y, A, 0.0123, 91.9900
158, Y, A, -0.2891, 93.3500
159, I, A, 0.0000, 93.2600
160, D, A, -1.8845, 93.6100
161, P, A, -1.1540, 91.5200
162, T, A, -1.2246, 89.3100
163, C, A, -1.9003, 89.9800
164, E, A, -3.2556, 88.6500
165, K, A, -3.4347, 90.0800
166, D, A, -2.1527, 90.6800
167, F, A, 0.0000, 91.0800
168, E, A, -2.7875, 88.9100
169, G, A, -1.7233, 86.8200
170, F, A, 0.0000, 90.7100
171, F, A, -0.3209, 88.9900
172, V, A, 0.5473, 87.4000
173, D, A, -1.2090, 84.9900
174, V, A, -0.4545, 84.4900
175, P, A, -0.6205, 77.3900
176, R, A, -1.5103, 84.8300
177, L, A, 0.0000, 92.1900
178, A, A, 0.0000, 92.0100
179, S, A, 0.0000, 95.2400
180, I, A, 0.0000, 97.2900
181, L, A, 0.0000, 97.8200
182, F, A, 0.0000, 97.3400
183, M, A, 0.0000, 96.2000
184, P, A, 0.0000, 92.1600
185, R, A, -0.9767, 89.3600
186, L, A, 0.0000, 86.3400
187, S, A, -0.7890, 81.3600
188, Y, A, 0.0000, 75.1400
189, H, A, -1.5126, 67.7200
190, P, A, -1.1538, 58.1700
191, S, A, -0.4223, 59.3900
192, G, A, 0.1549, 63.6300
193, V, A, 1.6623, 70.0900
194, I, A, 1.0608, 78.8200
195, S, A, 0.0649, 85.1200
196, C, A, -0.3848, 86.8000
197, D, A, -2.1015, 89.1500
198, S, A, -1.5086, 87.9600
199, L, A, -1.2718, 88.1700
200, E, A, -2.4602, 91.2700
201, S, A, -2.0590, 90.3100
202, E, A, -2.2736, 88.7500
203, I, A, -1.2469, 91.9200
204, H, A, -1.2296, 92.9300
205, S, A, -1.3480, 90.6000
206, S, A, -0.9503, 89.0400
207, I, A, 0.0000, 94.5000
208, F, A, 0.4148, 95.0500
209, V, A, -0.1168, 93.9100
210, Y, A, 0.0000, 95.0300
211, Y, A, 0.1512, 95.8700
212, Q, A, -0.5888, 94.2200
213, A, A, 0.0000, 94.2000
214, L, A, 0.0000, 94.5700
215, L, A, -0.0382, 93.7900
216, S, A, -0.5136, 91.4600
217, I, A, 0.0000, 92.3600
218, I, A, 0.0000, 92.7100
219, P, A, -0.8926, 90.9900
220, H, A, -1.3375, 89.6600
221, L, A, 0.0000, 90.0600
222, K, A, -3.0176, 85.1100
223, R, A, -3.2796, 87.6100
224, K, A, -3.4506, 88.5800
225, T, A, 0.0000, 91.9500
226, Q, A, 0.0000, 94.1600
227, L, A, 0.0000, 96.3700
228, I, A, 0.0000, 96.2900
229, M, A, 0.0000, 96.1200
230, F, A, 0.0000, 95.9000
231, N, A, 0.0000, 93.4500
232, P, A, 0.0000, 89.4600
233, S, A, 0.0000, 85.5800
234, L, A, 0.0000, 85.2800
235, T, A, 0.0000, 83.2300
236, A, A, -0.1783, 81.9400
237, D, A, -0.7921, 80.7000
238, L, A, 0.0000, 78.4200
239, N, A, -0.8940, 73.2400
240, L, A, 0.0156, 75.1400
241, V, A, 1.1442, 69.8100
242, H, A, 0.0227, 68.4800
243, H, A, 0.0000, 76.8400
244, S, A, 0.7802, 80.2400
245, T, A, 0.2041, 85.5400
246, E, A, 0.0000, 86.6300
247, I, A, 0.9176, 87.0400
248, I, A, 1.0455, 89.4600
249, T, A, 0.0000, 90.7400
250, S, A, 0.0000, 91.3800
251, G, A, -0.0004, 91.9000
252, I, A, 0.3748, 94.8100
253, I, A, 0.0000, 94.9900
254, D, A, -0.8625, 93.6000
255, S, A, -0.7277, 95.3800
256, L, A, 0.0000, 96.0600
257, F, A, 0.0000, 94.6300
258, K, A, -2.1660, 93.4500
259, I, A, -0.8863, 94.3600
260, F, A, 0.0000, 94.8300
261, K, A, -2.7010, 90.9100
262, E, A, -2.8529, 90.8000
263, Y, A, -2.1862, 91.5800
264, Q, A, -2.8463, 89.5800
265, R, A, -3.3739, 90.7500
266, L, A, 0.0000, 92.4900
267, N, A, -2.3723, 91.2700
268, V, A, 0.0000, 92.9500
269, S, A, -0.1875, 92.5400
270, T, A, 0.0000, 93.3400
271, I, A, 0.0000, 93.3000
272, K, A, 0.3351, 91.4900
273, L, A, 0.0000, 89.9100
274, G, A, 0.0000, 87.3400
275, I, A, 0.0000, 86.9000
276, L, A, 0.0000, 89.1400
277, Q, A, -1.6442, 88.2700
278, I, A, -1.1327, 84.6500
279, G, A, -1.2468, 80.7900
280, S, A, -0.9521, 78.3800
281, Q, A, -1.5538, 81.1900
282, P, A, -1.6316, 77.9200
283, S, A, 0.0000, 77.8800
284, N, A, 0.0000, 79.2800
285, Y, A, 0.0000, 75.4900
286, K, A, -2.3068, 69.5800
287, F, A, -1.1162, 68.8600
288, L, A, 0.0000, 72.4700
289, R, A, -1.9911, 71.1600
290, M, A, -1.0887, 77.7300
291, A, A, -1.0513, 82.6400
292, G, A, -1.3957, 83.5900
293, S, A, -1.8369, 86.6200
294, D, A, -2.6350, 88.2300
295, I, A, 0.0000, 90.1900
296, H, A, -1.9136, 89.2400
297, E, A, -2.3565, 87.6600
298, A, A, -1.6238, 87.9400
299, L, A, 0.0000, 92.0300
300, H, A, 0.0000, 92.2000
301, Y, A, -0.4287, 89.5600
302, P, A, -0.3979, 89.8500
303, V, A, 0.0000, 92.4000
304, Y, A, 0.0000, 91.6100
305, K, A, -0.7351, 87.2400
306, M, A, 0.0000, 88.2100
307, I, A, 0.0000, 90.5200
308, M, A, 0.0000, 87.8300
309, S, A, -0.2582, 82.6800
310, A, A, -0.5091, 83.5600
311, N, A, -0.5925, 83.3700
312, G, A, -0.1112, 76.8400
313, Y, A, 0.5450, 76.3700
314, K, A, -0.9404, 73.5400
315, L, A, 0.3334, 73.0100
316, R, A, 0.3352, 74.6500
317, Q, A, -0.0943, 75.2100
318, L, A, 1.1159, 73.3500
319, L, A, 1.2789, 72.6300
320, S, A, 0.9714, 69.9500
321, W, A, 2.1790, 73.2200
322, L, A, 2.2357, 67.6900
323, T, A, 1.3273, 66.6600
324, T, A, 1.5116, 66.5000
325, L, A, 2.1942, 69.5100
326, G, A, 1.4115, 59.8800
327, G, A, 0.7183, 62.0200
328, Y, A, 1.3360, 60.1800
329, N, A, 0.3752, 71.4300
330, S, A, 0.0000, 82.5000
331, V, A, 0.9122, 86.4300
332, Y, A, 1.0310, 87.3000
333, Y, A, 1.1096, 87.2800
334, C, A, 0.0000, 85.9700
335, G, A, -1.1392, 82.9100
336, R, A, -1.4889, 80.9800
337, F, A, -0.0520, 76.2800
338, S, A, 0.0000, 76.9600
339, Y, A, 1.3746, 69.4300
340, L, A, 1.5294, 59.1100
341, V, A, 1.0276, 57.2800
342, S, A, 0.8963, 54.9900
343, W, A, 1.4106, 53.3700
344, P, A, 1.1194, 51.9800
345, F, A, 2.9001, 55.7800
346, A, A, 0.0000, 53.8600
347, S, A, 1.1934, 53.1800
348, L, A, 2.2565, 56.3700
349, I, A, 2.5873, 58.6200
350, F, A, 1.1521, 53.3000
351, N, A, -0.4873, 55.8000
352, H, A, -0.3688, 50.5100
359, K, A, -2.1450, 50.0600
361, L, A, -0.6687, 50.6900
362, R, A, -2.4032, 55.3200
363, G, A, -1.9902, 65.7900
364, R, A, -2.2752, 63.2200
365, L, A, -1.0061, 64.0000
366, A, A, -0.7415, 69.1700
367, K, A, -1.2138, 72.1200
368, V, A, 0.6264, 74.7700
369, Y, A, 2.1920, 62.0800
370, S, A, 1.4145, 68.4400
371, S, A, 2.0703, 68.1000
372, I, A, 3.8783, 66.2200
373, I, A, 3.6663, 61.8100
374, S, A, 2.4953, 59.1200
375, F, A, 3.2730, 58.0500
