RESIDUE_ID, RESIDUE_NAME, CHAIN, A3D_SCORE, AF_SCORE
325, K, A, -2.3123, 78.4000
326, K, A, -2.1332, 76.7100
327, S, A, -0.3573, 80.3500
328, F, A, 1.8106, 80.5800
329, I, A, 1.6840, 78.8600
330, E, A, -0.1936, 75.9500
331, M, A, 0.9115, 78.7100
332, S, A, 1.3876, 79.3100
333, L, A, 1.7354, 81.9500
334, A, A, 1.0120, 79.4400
335, S, A, 0.7690, 74.7400
336, S, A, 1.1319, 77.5000
337, F, A, 2.0650, 73.4300
338, A, A, 1.0208, 71.7500
