RESIDUE_ID, RESIDUE_NAME, CHAIN, A3D_SCORE, AF_SCORE
4, D, A, -3.0786, 74.2900
5, D, A, -3.2534, 77.7500
6, D, A, -3.4255, 80.5800
7, D, A, -3.2488, 81.3300
8, Y, A, -0.9627, 84.0000
9, I, A, -0.2489, 84.4600
10, K, A, -2.1385, 86.4800
11, Q, A, -1.6480, 88.6900
12, M, A, -0.5748, 86.8100
13, E, A, -1.5368, 87.3100
14, L, A, -0.5495, 88.9200
15, Q, A, -1.9469, 90.4700
16, R, A, -2.3279, 85.7700
17, K, A, -2.4981, 90.0100
18, A, A, -1.3344, 92.5600
19, F, A, -1.1329, 90.8300
20, E, A, -2.3256, 91.2200
21, S, A, -1.6249, 89.7300
22, Q, A, -1.0304, 91.9900
23, F, A, 0.8233, 87.9900
24, G, A, -0.6856, 84.9700
25, S, A, -1.0394, 88.3500
26, L, A, -0.7327, 81.7700
27, E, A, -1.9503, 84.3700
28, S, A, -0.8085, 82.4000
29, M, A, 0.1728, 78.2400
30, G, A, -0.3864, 84.2500
31, F, A, 0.1404, 83.3600
32, E, A, -2.1626, 81.2600
33, D, A, -2.3569, 78.4700
34, K, A, -2.5576, 80.1600
35, T, A, -1.8589, 74.3100
36, K, A, -2.7154, 71.7900
93, Q, A, -1.5039, 72.0200
94, P, A, -0.9390, 76.5700
95, K, A, -0.9230, 76.5600
96, V, A, 1.4300, 82.1300
97, I, A, 1.7968, 79.3300
98, R, A, -0.1353, 77.6000
99, F, A, 0.9272, 74.5400
100, N, A, -0.9295, 75.0300
101, G, A, -1.2044, 73.3400
102, P, A, -0.7407, 72.6700
104, D, A, -0.4656, 70.1700
105, V, A, 1.9653, 76.9700
106, Y, A, 2.4478, 81.5600
107, V, A, 2.4885, 81.8700
108, P, A, 0.7823, 84.3000
109, P, A, -0.5919, 82.3300
110, S, A, -1.8154, 87.1000
111, K, A, -3.1491, 87.8000
112, K, A, -3.2798, 82.9700
113, T, A, -2.1026, 81.2100
114, Q, A, -2.6458, 84.6500
115, K, A, -3.1966, 84.6100
116, L, A, -1.6584, 79.3600
117, L, A, -0.6640, 77.1800
118, R, A, -2.4460, 83.7700
119, S, A, -1.7735, 82.1000
120, G, A, -1.6014, 80.3600
121, K, A, -1.9526, 80.6200
122, T, A, -0.5257, 80.3500
123, L, A, 0.2493, 73.0600
124, T, A, -0.9998, 75.0700
125, Q, A, -2.3469, 72.9400
127, N, A, -2.6841, 75.1400
128, K, A, -3.4234, 76.1900
129, K, A, -2.8812, 71.6600
130, L, A, -1.3979, 71.5500
131, E, A, -2.7215, 73.8400
139, K, A, -3.8396, 72.1400
140, E, A, -3.9331, 75.8600
141, D, A, -4.2667, 78.5400
142, E, A, -4.4563, 82.4500
143, T, A, -2.9071, 86.7300
144, L, A, -2.1936, 88.4100
145, E, A, -3.6106, 89.9100
146, A, A, -2.6572, 92.8700
147, E, A, -3.1827, 93.0800
148, N, A, -2.9752, 93.7100
149, L, A, -1.0621, 94.1500
150, Q, A, -2.4217, 94.0300
151, N, A, -3.0770, 93.7800
152, D, A, -1.7759, 96.1600
153, L, A, -0.4147, 92.5200
154, E, A, -1.3703, 90.1700
155, L, A, 0.3562, 93.4900
156, Q, A, -0.3441, 92.6100
157, Q, A, -0.1606, 90.0700
158, F, A, 1.7605, 88.4400
159, L, A, 1.1532, 90.8100
160, R, A, -0.9174, 89.9800
161, E, A, 0.0000, 87.5900
162, S, A, 0.4089, 86.7400
163, H, A, -0.8455, 83.9900
164, L, A, 0.0000, 84.5500
165, L, A, 1.0935, 77.8900
166, S, A, 0.0704, 79.1500
167, A, A, 0.0000, 79.3600
168, F, A, 0.6040, 75.2600
203, I, A, 1.0146, 70.4800
204, G, A, -1.0623, 76.3800
205, K, A, -1.7665, 80.0300
206, A, A, 0.0000, 82.3000
207, R, A, -1.7287, 83.3100
208, S, A, -1.4925, 86.3700
209, R, A, -1.1974, 85.8100
210, T, A, 0.0000, 88.3700
211, L, A, -0.2755, 89.9400
212, E, A, -0.9062, 88.7500
213, M, A, -1.0642, 87.7100
214, R, A, -1.1917, 90.7600
215, L, A, 0.0121, 90.0300
216, N, A, -1.7459, 88.4100
217, R, A, -1.9453, 89.2000
218, L, A, -0.5332, 89.8900
219, S, A, -1.6637, 90.2400
220, R, A, -2.3496, 87.8900
221, V, A, 0.0275, 88.5300
222, N, A, -1.4563, 90.3800
223, G, A, -1.7978, 83.7400
224, H, A, -2.9672, 80.6000
225, Q, A, -3.7288, 79.9700
226, D, A, -4.1154, 77.8700
227, K, A, -3.9375, 76.8500
228, I, A, -3.3230, 77.4500
229, N, A, -3.7932, 76.4900
230, K, A, -3.7332, 85.9200
231, L, A, -2.3940, 90.4700
232, E, A, -2.8811, 91.1900
233, K, A, -2.4849, 94.2600
234, V, A, -0.8288, 93.7800
235, P, A, -0.2866, 96.8200
236, M, A, 0.0202, 93.5300
237, H, A, -0.4118, 95.4500
238, I, A, 0.8049, 95.8200
239, R, A, -1.0020, 94.7300
240, R, A, -2.0838, 94.7400
241, G, A, -1.3965, 96.0800
242, M, A, -1.2780, 94.7900
243, I, A, -1.6149, 94.6300
244, D, A, -3.2339, 95.5400
245, K, A, -3.6709, 96.2700
246, H, A, 0.0000, 95.3500
247, V, A, -2.3289, 94.6600
248, K, A, -4.1517, 96.6100
249, R, A, -3.8775, 95.9600
250, I, A, 0.0000, 95.3900
251, K, A, -4.3464, 96.1900
252, K, A, -4.3020, 97.1100
253, Y, A, -3.1683, 96.0900
254, E, A, -3.0872, 96.0500
255, Q, A, -3.9236, 96.8200
256, E, A, -3.7099, 97.0000
257, A, A, 0.0000, 96.7200
258, A, A, -1.5174, 96.6400
259, E, A, -2.8438, 97.4000
260, G, A, -1.4362, 96.8800
261, G, A, -0.1717, 96.1100
262, I, A, 1.7559, 95.7500
263, V, A, 2.4075, 95.6600
264, L, A, 1.1758, 94.3300
265, S, A, -0.1897, 93.1600
266, K, A, -1.7567, 94.4900
267, V, A, -1.6899, 92.6600
268, K, A, -2.8466, 89.8300
269, K, A, -2.6880, 86.4600
270, G, A, -1.5722, 85.6600
271, Q, A, -1.6662, 91.5500
272, F, A, 0.0000, 93.2900
273, R, A, -1.8700, 93.0900
274, K, A, -1.6704, 92.2300
275, I, A, 0.0000, 91.7700
276, E, A, -2.5747, 87.4800
277, S, A, -2.2718, 86.5800
278, T, A, 0.0000, 89.0300
279, Y, A, -2.0503, 85.6200
280, K, A, -2.7312, 84.2000
281, K, A, -3.2484, 86.2000
282, D, A, -2.8096, 86.6400
283, I, A, 0.0000, 89.9100
284, E, A, -2.3642, 89.7800
285, R, A, -3.2572, 90.2600
286, R, A, -2.2746, 91.2000
287, I, A, 0.0000, 91.8300
288, G, A, -1.5797, 89.9000
289, G, A, -1.2361, 88.0200
290, S, A, -0.7425, 88.1400
291, I, A, 0.6966, 84.7600
292, K, A, -0.9762, 72.3200
310, S, A, -0.2573, 73.5900
311, V, A, 0.5796, 78.7000
312, G, A, 0.0103, 79.9200
313, R, A, -0.7475, 83.9100
314, S, A, -0.5348, 78.1500
315, T, A, -1.1727, 82.1400
316, R, A, -2.3688, 82.5900
317, N, A, -1.7600, 85.9900
318, G, A, -0.4665, 85.1700
319, L, A, 1.4055, 86.3800
320, I, A, 1.8905, 89.7000
321, V, A, 0.9939, 88.7200
322, S, A, -0.8555, 89.4300
323, K, A, -2.2700, 88.2100
324, R, A, -2.6097, 84.5700
325, D, A, -1.1897, 86.0700
326, I, A, -0.0858, 85.7400
327, A, A, -1.1088, 84.5600
328, R, A, -1.5005, 82.3700
329, I, A, 1.0035, 81.9400
330, S, A, 0.1045, 80.3400
331, G, A, -0.2666, 70.3800
