RESIDUE_ID, RESIDUE_NAME, CHAIN, A3D_SCORE, AF_SCORE
1, M, A, 0.2918, 44.2100
2, S, A, -1.1151, 48.3700
3, E, A, -2.6411, 52.1600
4, E, A, -2.8467, 61.2000
5, P, A, -2.1268, 63.5000
6, P, A, -2.0463, 62.1800
7, S, A, -1.9517, 67.1300
8, D, A, -2.5574, 71.0400
9, Q, A, -2.0993, 74.1900
10, V, A, -1.1514, 75.5100
11, N, A, -2.4875, 81.9200
12, S, A, -1.7687, 81.4700
13, L, A, -0.6806, 81.2800
14, R, A, -2.3845, 78.6100
15, D, A, -2.6432, 83.1000
16, S, A, -1.4232, 79.6300
17, L, A, -1.0688, 79.9200
18, N, A, -2.7277, 83.1600
19, R, A, -2.9856, 78.9900
20, W, A, -1.5647, 76.9800
21, N, A, -2.7497, 78.0700
22, Q, A, -3.4062, 69.1500
23, T, A, -3.0184, 64.8500
24, R, A, -3.7699, 56.5400
25, Q, A, -3.6030, 54.4600
26, Q, A, -3.6740, 50.0700
27, N, A, -3.0968, 41.9400
28, S, A, -2.4370, 44.9400
29, Q, A, -2.2479, 42.4200
30, G, A, -1.0525, 39.5600
31, F, A, 0.3264, 39.9800
32, N, A, -1.3754, 48.2400
33, E, A, -2.0804, 45.2700
34, S, A, -0.6847, 45.3900
35, A, A, -0.1385, 49.6000
36, K, A, -1.0042, 47.8900
37, T, A, -0.0698, 63.3100
38, L, A, 1.6461, 69.5700
39, F, A, 1.8726, 69.2900
40, S, A, 0.2445, 63.3300
41, S, A, 0.5175, 66.6900
42, W, A, 1.4062, 67.7900
43, A, A, -0.0267, 69.6500
44, D, A, -1.5298, 66.5000
45, S, A, -0.8639, 69.6000
46, L, A, -0.9510, 61.9200
47, N, A, -2.2671, 68.9100
48, T, A, -2.0888, 64.3100
49, R, A, -2.6218, 64.1700
50, A, A, -1.5379, 59.5000
51, Q, A, -1.9385, 58.7800
52, D, A, -1.9910, 64.3100
53, I, A, 0.4319, 57.4200
54, Y, A, 0.9450, 49.9500
55, Q, A, -0.5342, 53.0200
56, T, A, 0.5801, 48.6400
57, L, A, 2.1176, 47.5700
58, P, A, 1.1755, 44.1300
59, V, A, 1.2213, 49.8700
60, S, A, -0.6388, 41.2700
61, R, A, -1.8439, 40.9500
62, Q, A, -2.1378, 40.7200
63, D, A, -1.9922, 43.5800
64, L, A, 0.1543, 43.2900
65, V, A, -0.1845, 43.0000
66, Q, A, -2.1033, 46.7300
67, D, A, -2.8317, 41.1600
68, Q, A, -2.7543, 45.9900
69, E, A, -2.3409, 48.3400
70, P, A, -1.0385, 41.4200
71, S, A, -0.2683, 52.0300
72, W, A, 0.9058, 50.1900
73, F, A, 0.4521, 49.5800
74, Q, A, -1.2197, 52.4000
75, L, A, -0.6037, 53.0300
76, S, A, -1.3716, 67.4400
77, R, A, -2.2610, 64.5200
78, T, A, -1.0441, 71.0300
79, E, A, -1.1448, 77.7700
80, R, A, -0.4618, 72.7600
81, M, A, 0.8140, 76.8800
82, V, A, 2.0862, 84.3600
83, L, A, 2.3016, 83.4300
84, F, A, 2.4885, 84.2300
85, V, A, 3.1123, 86.9400
86, C, A, 3.0011, 89.2100
87, F, A, 2.7010, 87.3600
88, L, A, 2.6277, 88.0500
89, L, A, 2.6775, 91.7000
90, G, A, 1.5870, 90.6900
91, A, A, 0.0000, 90.5500
92, T, A, 1.1303, 90.1600
93, A, A, 0.9072, 91.9600
94, C, A, 1.3376, 89.2900
95, F, A, 1.3373, 87.9900
96, T, A, 1.0227, 90.0600
97, L, A, 1.9201, 88.1700
98, C, A, 0.0000, 84.9100
99, T, A, 2.0168, 84.4200
100, F, A, 2.9917, 84.7600
101, L, A, 0.0000, 81.0800
102, F, A, 2.7447, 79.2300
103, P, A, 1.4395, 79.3100
104, V, A, 1.3062, 74.0400
105, L, A, 0.4620, 63.8700
106, A, A, 0.2759, 66.7400
107, A, A, -0.5876, 68.6000
108, K, A, -2.1238, 71.6800
109, P, A, -1.5946, 69.0800
110, R, A, -3.2283, 73.3600
111, K, A, -2.3280, 76.2900
112, F, A, -0.1740, 81.9600
113, G, A, 0.0000, 80.7500
114, L, A, 0.1323, 83.3000
115, L, A, 0.3824, 86.3300
116, W, A, 0.9941, 83.7800
117, T, A, 0.0000, 85.4600
118, M, A, 0.9557, 87.0200
119, G, A, 0.0000, 88.4600
120, S, A, 0.0000, 85.8900
121, L, A, 0.9516, 86.0800
122, L, A, 1.4485, 87.5800
123, F, A, 1.3309, 84.6100
124, V, A, 0.0000, 81.0100
125, L, A, 1.2103, 80.4900
126, A, A, 0.0000, 83.2500
127, F, A, 1.0044, 74.9500
128, G, A, 0.0000, 73.1000
129, V, A, 1.1729, 67.7700
130, L, A, 0.8522, 65.8600
131, M, A, 0.7552, 62.7500
132, G, A, 0.2213, 60.5300
133, P, A, 0.6706, 54.5100
134, L, A, 0.5230, 50.6600
135, A, A, -0.0131, 53.9500
136, Y, A, 0.5764, 52.2500
137, L, A, 0.8549, 54.2700
138, K, A, -1.2148, 51.9200
139, H, A, -1.4247, 52.8500
140, L, A, -0.5187, 52.8000
141, T, A, -1.1469, 51.4300
142, A, A, -1.9563, 50.1800
143, R, A, -3.1702, 52.5000
144, E, A, -3.1345, 55.5200
145, R, A, -2.1962, 58.7000
146, L, A, -0.9502, 58.7900
147, P, A, -0.2381, 68.2700
148, F, A, 0.6264, 68.6100
149, S, A, 0.6465, 70.8400
150, M, A, 1.1850, 77.0500
151, F, A, 1.6128, 80.5100
152, F, A, 0.0000, 77.7000
153, F, A, 1.4644, 81.9500
154, A, A, 1.5268, 84.7000
155, T, A, 0.0000, 83.6100
156, C, A, 0.0000, 83.4500
157, F, A, 2.8638, 85.6800
158, M, A, 2.0722, 83.2300
159, T, A, 0.0000, 85.3800
160, I, A, 2.4534, 83.3500
161, Y, A, 2.7668, 83.8700
162, F, A, 1.6096, 81.6400
163, A, A, 0.0000, 78.6100
164, A, A, 0.7170, 76.1000
165, F, A, 1.8200, 72.0800
166, S, A, 0.2235, 64.1000
167, K, A, -1.5293, 67.2100
168, N, A, -1.0687, 70.3500
169, T, A, -0.4342, 71.8700
170, V, A, 1.7182, 78.6500
171, L, A, 1.3720, 77.3000
172, T, A, 0.0000, 82.9100
173, I, A, 1.5297, 80.5800
174, T, A, 1.6727, 82.2100
175, C, A, 0.0000, 83.8300
176, A, A, 0.0000, 84.3000
177, L, A, 2.5523, 83.9400
178, L, A, 2.2190, 85.5400
179, E, A, 0.0000, 84.9900
180, L, A, 2.2248, 82.3700
181, V, A, 2.5734, 83.5800
182, A, A, 0.0000, 82.8700
183, V, A, 0.0000, 77.6800
184, I, A, 2.7603, 80.2100
185, Y, A, 2.9015, 81.2600
186, Y, A, 0.0000, 72.2400
187, A, A, 2.0888, 70.6200
188, I, A, 2.8467, 73.3200
189, S, A, 1.5165, 71.0600
190, Y, A, 1.3188, 63.1200
191, F, A, 1.1585, 62.3000
192, P, A, 0.5268, 53.2100
193, F, A, 0.8873, 50.5600
194, G, A, -0.0355, 56.7100
195, A, A, 0.1753, 58.9600
196, T, A, 0.0784, 61.2000
197, G, A, 0.5400, 64.3700
198, L, A, 1.1757, 68.1200
199, R, A, -0.6874, 68.3000
200, M, A, 0.6881, 66.1100
201, L, A, 1.6048, 71.6300
202, S, A, 0.5910, 74.1200
203, S, A, 0.2496, 67.3700
204, A, A, 0.3923, 68.4000
205, G, A, 0.1459, 69.9600
206, V, A, 0.8190, 68.6300
207, N, A, -0.7136, 66.6400
208, S, A, -0.2231, 66.3200
209, A, A, 0.1579, 59.4700
210, R, A, -0.7369, 57.0500
211, G, A, 0.1330, 62.9900
212, V, A, 1.7496, 60.4800
213, L, A, 1.6533, 53.3000
214, R, A, 0.1064, 50.5000
215, I, A, 1.9814, 53.2900
