RESIDUE_ID, RESIDUE_NAME, CHAIN, A3D_SCORE, AF_SCORE
1, M, A, 1.1156, 72.1700
2, P, A, 0.2672, 79.6000
3, S, A, 0.1854, 90.3300
4, L, A, 0.7837, 90.8000
5, R, A, -1.4449, 93.0700
6, D, A, -1.2387, 89.5800
7, L, A, -1.0926, 89.0100
8, S, A, -1.6099, 91.6300
9, L, A, -1.6038, 94.3500
10, E, A, -3.7512, 92.5100
11, R, A, -4.2826, 92.6800
12, D, A, -3.8190, 94.9100
13, Q, A, -4.0504, 94.9300
14, E, A, -3.9324, 95.1100
15, L, A, -2.2883, 95.9900
16, N, A, -3.2204, 93.1700
17, Q, A, -3.1122, 94.8300
18, L, A, -1.6871, 94.2300
19, R, A, -2.5027, 93.2600
20, A, A, -2.2228, 92.3500
21, R, A, -2.1648, 89.5200
22, I, A, -0.6669, 87.3800
23, N, A, -1.8879, 86.5800
24, Q, A, -1.5556, 83.8100
25, L, A, 0.1856, 79.3800
26, G, A, -0.4336, 72.0500
100, D, A, -1.9507, 72.5500
101, L, A, -0.5997, 79.7000
102, K, A, -1.8924, 79.3300
103, A, A, -1.5016, 83.0700
104, K, A, -1.7259, 84.7300
105, L, A, -0.6237, 88.3400
106, A, A, -0.4239, 88.6300
107, P, A, -0.3986, 92.9000
108, I, A, 0.8077, 93.3300
109, M, A, -0.1447, 93.8400
110, E, A, -1.6701, 94.3500
111, V, A, -0.4307, 94.9800
112, L, A, -0.7434, 94.9400
113, E, A, -3.3479, 94.9500
114, K, A, -4.0206, 95.2200
115, K, A, -3.9278, 95.8800
116, T, A, -3.2715, 93.1600
117, N, A, -3.6786, 93.9600
118, E, A, -4.1194, 93.5900
119, K, A, -3.3934, 94.1700
120, I, A, -1.3029, 92.7200
121, K, A, -2.4273, 91.7400
122, G, A, -1.8044, 90.5200
123, I, A, -0.6112, 87.7600
124, I, A, -0.2410, 86.6400
125, R, A, -1.9971, 81.9900
126, K, A, -2.2179, 84.1300
127, R, A, -1.7786, 78.6100
128, V, A, 0.2343, 74.5800
