RESIDUE_ID, RESIDUE_NAME, CHAIN, A3D_SCORE, AF_SCORE
1, M, A, 1.6245, 38.0700
2, A, A, 1.5667, 40.4700
3, Y, A, 2.4094, 44.4900
4, I, A, 2.4577, 53.4100
5, K, A, 0.8042, 44.9000
6, I, A, 2.5128, 49.6400
7, A, A, 1.9277, 45.7000
8, L, A, 2.6334, 49.8000
9, L, A, 3.0228, 47.7500
10, A, A, 1.7954, 49.5400
11, A, A, 1.9305, 46.1100
12, I, A, 2.7880, 50.7800
13, A, A, 1.4928, 48.5200
14, A, A, 1.4247, 43.0900
15, L, A, 2.0418, 43.1400
16, A, A, 0.9443, 48.3800
17, S, A, 0.1852, 43.7300
18, A, A, -0.1073, 50.5800
19, Q, A, -0.8797, 55.2500
20, T, A, -1.2638, 64.6800
21, Q, A, -2.1727, 66.1800
22, E, A, -2.2550, 68.2600
23, E, A, -1.6735, 71.3600
24, I, A, -1.2505, 72.6500
25, D, A, -1.3913, 76.1700
26, E, A, -1.6396, 74.3200
27, L, A, 0.0000, 74.0600
28, N, A, -1.1235, 78.3200
29, V, A, -0.8669, 80.1900
30, I, A, 0.0000, 78.8100
31, L, A, 0.0000, 78.3000
32, N, A, -1.6056, 82.0000
33, D, A, 0.0000, 83.3800
34, V, A, -0.8141, 79.2200
35, K, A, -1.4986, 78.2100
36, S, A, -1.2503, 84.9500
37, N, A, -1.0431, 83.0700
38, L, A, -0.6139, 80.0700
39, Q, A, -1.2057, 81.6900
40, E, A, -1.3265, 84.5000
41, Y, A, 0.0000, 80.4200
42, I, A, 0.1361, 81.4300
43, S, A, -1.0642, 85.8900
44, L, A, -0.9756, 82.7400
45, A, A, -1.0080, 82.5700
46, E, A, -2.1713, 82.6300
47, D, A, -2.1009, 81.2300
48, S, A, -1.5217, 72.8600
49, S, A, -1.0894, 74.4900
50, S, A, -1.0015, 68.3700
51, G, A, -0.9209, 72.1900
52, F, A, 0.0000, 74.9500
53, S, A, -0.4058, 74.4900
54, L, A, 0.6617, 69.8200
55, S, A, 0.1469, 74.5400
56, S, A, -0.0205, 76.6500
57, L, A, 0.3086, 74.3600
58, P, A, -0.6393, 77.0000
59, S, A, -0.9391, 74.0500
60, G, A, 0.0000, 73.8300
61, V, A, -0.1156, 76.2200
62, L, A, 0.3963, 76.2100
63, D, A, -1.0531, 79.4200
64, I, A, 0.0000, 74.7300
65, G, A, 0.3375, 74.2800
66, L, A, 1.0320, 74.6200
67, A, A, -0.1247, 79.4100
68, L, A, 0.0000, 72.1600
69, A, A, 0.1628, 73.4800
70, S, A, -0.0264, 73.6600
71, A, A, -0.8408, 66.9800
72, T, A, -1.3442, 64.0100
73, D, A, -2.7494, 65.8000
74, D, A, -2.7734, 69.3900
75, S, A, -1.5457, 71.1300
76, Y, A, -0.9754, 70.8500
77, T, A, -0.9440, 73.9500
78, T, A, -0.4885, 75.9500
79, L, A, -0.5877, 74.8900
80, Y, A, 0.0000, 76.1000
81, S, A, -1.1486, 76.0600
82, E, A, -2.2644, 76.7800
83, V, A, -1.3766, 75.7600
84, D, A, -1.6216, 81.5100
85, F, A, -0.8315, 74.6700
86, A, A, -0.6397, 79.9400
87, A, A, -0.8778, 80.9700
88, V, A, 0.0000, 76.9900
89, S, A, -0.9695, 77.6600
90, K, A, -1.7697, 80.3900
91, M, A, 0.0000, 76.5200
92, L, A, 0.0000, 79.4500
93, T, A, -0.4410, 82.7300
94, M, A, -0.1942, 77.7400
95, V, A, 0.0000, 83.8200
96, P, A, -0.1610, 84.7500
97, W, A, -0.1671, 85.9900
98, Y, A, -0.0994, 82.5600
99, S, A, -0.3052, 83.3000
100, S, A, -0.5315, 84.4100
101, R, A, -0.7643, 80.1200
102, L, A, 0.0000, 82.2100
103, L, A, -0.6786, 79.6900
104, P, A, -1.3710, 79.4100
105, E, A, -2.0027, 79.4100
106, L, A, 0.0000, 76.2100
107, E, A, -2.0353, 76.6600
108, S, A, -1.3347, 77.2800
109, L, A, -0.8641, 63.9600
110, L, A, -0.4703, 61.3000
111, G, A, -0.6391, 57.4800
112, T, A, -0.2239, 52.6600
113, S, A, -0.4577, 50.5300
114, T, A, -0.0526, 47.0100
115, T, A, -0.1629, 40.9700
116, A, A, -0.1227, 45.3000
117, A, A, -0.3933, 44.3800
118, S, A, -0.6512, 42.8700
119, S, A, -0.8321, 43.3000
120, T, A, -1.0996, 40.1300
121, E, A, -1.9957, 41.9900
122, A, A, -1.0460, 41.5300
123, S, A, -0.7531, 47.0400
124, S, A, -0.5321, 46.2500
125, A, A, -0.1029, 41.2000
126, A, A, -0.0805, 48.1700
127, T, A, -0.2138, 41.4900
128, S, A, -0.3217, 54.5800
129, S, A, 0.0605, 52.2200
130, A, A, 0.8472, 43.5000
131, V, A, 1.7215, 48.1300
132, A, A, 0.8722, 45.0200
133, S, A, 0.0483, 52.9900
134, S, A, -0.6462, 57.1700
135, S, A, -1.4168, 51.0500
136, E, A, -2.0375, 51.4700
137, T, A, -1.0699, 47.6900
138, T, A, -0.6286, 52.0900
139, S, A, -0.3562, 57.2100
140, S, A, 0.1236, 51.2600
141, A, A, 0.7509, 41.3700
142, V, A, 1.7382, 49.6000
143, A, A, 0.8702, 43.3000
144, S, A, 0.0199, 48.8700
145, S, A, -0.8148, 48.6200
146, S, A, -1.2980, 51.1700
147, E, A, -1.9588, 46.3800
148, A, A, -1.0865, 41.7700
149, T, A, -0.5758, 42.6500
150, S, A, -0.3280, 48.5600
151, S, A, 0.0851, 49.8600
152, A, A, 0.7500, 39.4500
153, V, A, 1.7439, 47.0000
154, A, A, 0.8994, 40.7500
155, S, A, 0.0018, 49.5000
156, S, A, -0.7899, 51.7300
157, S, A, -1.2235, 48.4300
158, E, A, -1.9819, 45.9100
159, A, A, -1.1421, 43.1500
160, S, A, -0.7708, 47.8000
161, S, A, -0.4039, 48.7600
162, S, A, -0.3141, 49.5000
163, A, A, -0.0932, 42.5800
164, A, A, -0.0396, 40.7900
165, T, A, -0.1703, 42.4500
166, S, A, -0.3262, 49.5600
167, S, A, 0.1142, 52.8400
168, A, A, 0.8632, 44.7300
169, V, A, 1.7407, 46.0300
170, A, A, 0.8342, 42.5200
171, S, A, 0.0180, 51.0200
172, S, A, -0.8125, 50.9900
173, S, A, -1.3735, 54.2400
174, E, A, -1.9727, 44.2700
175, A, A, -0.9445, 40.0600
176, T, A, -0.5714, 47.2400
177, S, A, -0.3519, 47.5900
178, S, A, 0.0152, 50.0800
179, T, A, 0.7802, 43.7800
180, V, A, 1.6660, 46.8800
181, A, A, 0.7479, 40.3700
182, S, A, 0.0892, 46.9500
183, S, A, -0.6994, 51.8400
184, T, A, -1.0285, 44.5100
185, K, A, -1.7323, 50.1400
186, A, A, -0.8930, 43.6900
187, A, A, -0.4878, 42.3000
188, S, A, -0.3057, 48.5200
189, S, A, -0.6965, 51.2600
190, T, A, -1.0699, 45.8000
191, K, A, -1.8231, 46.1700
192, A, A, -1.0747, 42.7900
193, S, A, -0.7720, 45.3200
194, S, A, -0.3888, 50.1200
195, S, A, 0.1154, 48.7200
196, A, A, 0.7669, 44.6000
197, V, A, 1.5781, 50.1400
198, S, A, 0.5385, 47.4500
199, S, A, 0.4710, 54.7600
200, A, A, 0.7702, 46.4000
201, V, A, 1.7006, 46.8000
202, A, A, 0.7881, 42.5100
203, S, A, 0.2020, 49.2200
204, S, A, -0.5619, 51.1800
205, T, A, -1.0419, 48.9600
206, K, A, -1.5769, 50.2800
207, A, A, -0.6541, 49.4600
208, S, A, -0.0794, 44.2500
209, A, A, 0.4659, 46.2100
210, I, A, 1.6882, 47.8800
211, S, A, 0.7530, 46.6900
212, Q, A, -0.1557, 47.6300
213, I, A, 0.9107, 55.6100
214, S, A, -0.7845, 49.8500
215, D, A, -1.8270, 49.9300
216, G, A, -1.3144, 46.5400
217, Q, A, -1.1665, 43.1800
218, V, A, 0.4863, 47.6400
219, Q, A, -0.7657, 44.7100
220, A, A, -0.2998, 52.4300
221, T, A, -0.0427, 50.8400
222, S, A, -0.0648, 52.6500
223, T, A, 0.6489, 46.9800
224, V, A, 1.0746, 45.1100
225, S, A, -0.5295, 47.3900
226, E, A, -2.4489, 45.7500
227, Q, A, -2.7036, 36.5800
228, T, A, -2.4162, 51.4300
229, E, A, -3.1215, 47.4700
230, N, A, -2.5346, 51.0000
231, G, A, -1.7822, 47.2100
232, A, A, -0.9972, 43.7700
233, A, A, -0.5779, 41.4500
234, K, A, -0.9166, 45.5200
235, A, A, 0.6460, 46.4300
236, V, A, 2.2995, 48.0600
237, I, A, 2.6070, 49.2300
238, G, A, 1.6052, 48.3000
239, M, A, 1.2222, 47.0000
240, G, A, 0.2896, 40.9400
241, A, A, 0.2923, 49.4400
242, G, A, 0.8157, 48.0500
243, V, A, 1.9830, 47.5400
244, M, A, 1.8392, 50.5800
245, A, A, 0.9859, 48.4100
246, A, A, 0.6739, 46.9200
247, A, A, 0.5259, 44.0700
248, A, A, 1.2303, 42.9000
249, M, A, 2.2033, 61.0900
250, L, A, 2.8290, 49.5400
251, L, A, 2.5413, 55.6600
