RESIDUE_ID, RESIDUE_NAME, CHAIN, A3D_SCORE, AF_SCORE
4, V, A, 1.7728, 70.7500
186, R, A, -1.7631, 84.1200
187, V, A, 0.0000, 93.1400
188, I, A, 0.1508, 94.5200
189, T, A, 0.3923, 95.8500
190, T, A, 0.4351, 95.7700
191, M, A, -0.2486, 96.5400
192, W, A, 0.0000, 96.6700
193, E, A, -3.2615, 96.0100
194, D, A, -3.3230, 94.8900
195, E, A, -3.1991, 95.2200
196, N, A, -3.0121, 96.7800
197, T, A, 0.0000, 97.2200
198, I, A, -0.1756, 97.1200
199, C, A, 0.0000, 97.2000
200, Y, A, 0.0000, 97.4700
201, Q, A, -0.4917, 96.7900
202, V, A, 0.0000, 96.2600
203, E, A, -2.3647, 95.5600
204, A, A, 0.0000, 94.9000
205, N, A, -1.9313, 93.8600
206, G, A, -1.3044, 94.2400
207, I, A, -1.0668, 95.5400
208, S, A, -1.0603, 96.1400
209, V, A, 0.0000, 97.6200
210, V, A, 0.0000, 97.7000
211, R, A, 0.0000, 98.2400
212, R, A, 0.0000, 97.7500
213, A, A, -1.2614, 97.0500
214, D, A, -2.4254, 97.2300
215, N, A, -1.8421, 97.1300
216, N, A, -1.9736, 97.8000
217, M, A, 0.0000, 98.3300
218, I, A, 0.0000, 98.5500
219, N, A, 0.0000, 98.3500
220, G, A, 0.0000, 98.4500
221, T, A, -0.3864, 98.3800
222, K, A, -0.6635, 98.1300
223, L, A, 0.0000, 98.4300
224, L, A, 0.0000, 98.2700
225, N, A, -1.4063, 97.8900
226, V, A, 0.0000, 97.3800
227, T, A, -1.4849, 96.8900
228, K, A, -2.1548, 96.1300
229, M, A, -1.8948, 96.7900
230, T, A, -2.2097, 98.1500
231, R, A, -3.0804, 97.6200
232, G, A, -2.4487, 98.2600
233, R, A, -3.0401, 98.1400
234, R, A, -2.5730, 98.5400
235, D, A, -2.1739, 97.9300
236, G, A, -2.1193, 98.0400
237, I, A, -1.3443, 97.9500
238, L, A, 0.0000, 98.3500
239, R, A, -2.4439, 97.9300
240, S, A, -1.4049, 96.9000
241, E, A, 0.0000, 97.2600
242, K, A, -1.6194, 96.8900
243, V, A, -0.1685, 97.9400
244, R, A, -1.0511, 97.8300
245, E, A, -1.1289, 97.8500
246, V, A, 0.6211, 97.7700
247, V, A, 0.1765, 97.7000
248, K, A, -0.4685, 96.8600
249, I, A, 1.1100, 93.4400
250, G, A, -0.3496, 90.2600
251, S, A, -0.0205, 94.3600
252, M, A, 0.6143, 93.3100
253, H, A, -0.2619, 92.1800
254, L, A, 0.0000, 96.6800
255, K, A, -0.2202, 96.8700
256, G, A, -0.1034, 97.8700
257, V, A, -0.4197, 98.3800
258, W, A, 0.0000, 98.5600
259, I, A, 0.0000, 98.6700
260, P, A, -1.3023, 98.4600
261, F, A, 0.0000, 98.4300
262, E, A, -2.0737, 98.0200
263, R, A, -1.0595, 98.3500
264, A, A, 0.0000, 98.5600
265, Y, A, -0.4758, 98.2200
266, I, A, -0.1813, 97.9100
267, L, A, -0.8870, 97.9100
268, A, A, 0.0000, 97.9900
269, Q, A, -2.2719, 97.7900
270, R, A, -2.6641, 97.1300
271, E, A, -2.4014, 96.8300
272, Q, A, -2.8557, 96.2700
273, I, A, 0.0000, 97.0000
274, L, A, -1.4290, 96.5700
275, D, A, -2.0756, 95.1800
276, H, A, -1.9838, 94.2500
277, L, A, 0.0000, 95.8500
278, Y, A, 0.0924, 93.1100
279, P, A, 0.0000, 93.9600
280, L, A, 0.0000, 96.0800
281, F, A, 0.0000, 96.5700
282, V, A, -0.7786, 94.5800
283, K, A, -2.7892, 92.8300
284, D, A, -2.7903, 92.1700
285, I, A, 0.0000, 93.2300
286, E, A, -2.0054, 89.9000
287, S, A, -1.8877, 86.8800
288, I, A, -1.1493, 85.0000
289, V, A, -1.6396, 86.8500
290, D, A, -2.4478, 83.6600
291, A, A, -1.6731, 76.0600
292, R, A, -2.2754, 70.7700
