RESIDUE_ID, RESIDUE_NAME, CHAIN, A3D_SCORE, AF_SCORE
1, M, A, 0.5963, 52.2600
2, T, A, -0.5613, 71.5300
3, K, A, -1.5579, 87.5300
4, A, A, -0.9000, 93.0500
5, Y, A, -0.7385, 96.9100
6, T, A, -0.6302, 98.0000
7, I, A, 0.0000, 98.5300
8, V, A, 0.0000, 98.7200
9, I, A, 0.0000, 98.4400
10, K, A, 0.0000, 96.8700
11, L, A, 0.0000, 93.8300
12, G, A, -0.5053, 87.9800
13, S, A, -0.6097, 85.6400
14, S, A, -1.2455, 84.4000
15, S, A, 0.0000, 85.7300
16, L, A, 0.0000, 88.6900
17, V, A, 0.0000, 87.8700
18, D, A, -2.3639, 87.5600
19, E, A, -2.6889, 80.6500
20, S, A, -1.7188, 83.8300
21, T, A, -1.8286, 84.1600
22, K, A, -2.6568, 82.4600
23, E, A, -2.7715, 87.1100
24, P, A, -1.6146, 88.9300
25, K, A, -1.0655, 93.0200
26, L, A, -0.0406, 93.0800
27, S, A, -0.1701, 94.4200
28, I, A, 0.0000, 94.2100
29, M, A, 0.0000, 96.0100
30, T, A, -0.1040, 96.7800
31, L, A, -0.4950, 97.0100
32, I, A, 0.0000, 97.8200
33, V, A, 0.0000, 98.2000
34, E, A, -1.2802, 97.8400
35, T, A, 0.0000, 98.2000
36, V, A, 0.0000, 98.4100
37, T, A, 0.0000, 98.0100
38, N, A, -1.6030, 96.9900
39, L, A, 0.0000, 97.7300
40, K, A, -1.7726, 97.3400
41, R, A, -2.1856, 95.5100
42, M, A, -1.0455, 95.2000
43, G, A, -1.2830, 95.8400
44, H, A, 0.0000, 97.5600
45, K, A, -1.2809, 98.3000
46, V, A, 0.0000, 98.5600
47, I, A, 0.0000, 98.8100
48, I, A, 0.0000, 98.5300
49, V, A, 0.0000, 97.4900
50, S, A, 0.0000, 94.7100
51, S, A, 0.0000, 89.7900
52, G, A, 0.0000, 87.6700
53, G, A, 0.0000, 90.3100
54, I, A, -0.0165, 90.9000
55, A, A, -1.0882, 89.9800
56, V, A, 0.0000, 92.0800
57, G, A, 0.0000, 94.6000
58, L, A, 0.0000, 92.7000
59, D, A, -1.4375, 92.3400
60, A, A, -0.5361, 93.2000
61, L, A, 0.1594, 95.5600
62, N, A, -1.1328, 93.6100
63, I, A, -0.7932, 92.5200
64, P, A, -1.2411, 87.1600
65, H, A, -2.1514, 88.4500
66, K, A, -2.5528, 87.9600
67, P, A, -2.4008, 90.8800
68, K, A, -2.8516, 88.5700
69, Q, A, -2.4073, 91.3800
70, L, A, -0.9888, 89.6300
71, S, A, -0.9009, 93.3200
72, E, A, -2.0985, 94.8800
73, V, A, -1.3422, 92.2300
74, Q, A, -0.2089, 93.9900
75, A, A, -0.3427, 96.3700
76, I, A, 0.0000, 95.5100
77, A, A, 0.0000, 93.7700
78, A, A, -0.0619, 96.5700
79, V, A, 0.2216, 97.3200
80, G, A, 0.0000, 95.4500
81, Q, A, -0.4628, 95.9300
82, G, A, -0.7401, 96.9600
83, R, A, -1.2131, 96.0500
84, L, A, 0.0000, 94.9700
85, I, A, -0.6452, 97.3500
86, A, A, -0.7890, 97.5700
87, R, A, -0.8102, 96.5000
88, W, A, 0.0000, 97.5900
89, N, A, -1.5716, 97.6000
90, M, A, -0.4821, 97.9100
91, L, A, 0.0000, 98.0200
92, F, A, 0.0000, 98.4500
93, S, A, -1.2810, 97.6200
94, Q, A, -1.2978, 97.2100
95, Y, A, -0.5874, 96.5500
96, G, A, -1.0688, 96.4600
97, E, A, -1.3685, 97.8300
98, Q, A, -1.4750, 98.0000
99, T, A, -1.0550, 98.4100
100, A, A, -0.6121, 98.4000
101, Q, A, -0.5015, 98.2300
102, I, A, 0.1270, 97.6600
103, L, A, 0.4495, 95.8100
104, L, A, 0.0000, 91.7800
105, T, A, 0.0000, 87.1100
106, R, A, -0.7557, 78.1100
107, N, A, -0.9478, 76.8600
108, D, A, -1.6251, 81.3000
109, I, A, 0.0000, 79.9000
110, L, A, -1.0770, 73.5200
111, R, A, -2.5756, 77.0600
112, W, A, -1.7241, 77.9200
113, N, A, -2.4768, 82.3800
114, Q, A, -2.5526, 85.8500
115, Y, A, 0.0000, 84.5800
116, N, A, -2.4507, 86.5400
117, N, A, -2.8468, 92.2500
118, A, A, 0.0000, 92.7400
119, R, A, -2.3805, 92.8400
120, N, A, -2.8169, 95.4500
121, T, A, -1.9591, 98.0300
122, I, A, 0.0000, 98.1100
123, N, A, -2.1103, 97.4200
124, E, A, -2.1863, 98.4900
125, L, A, -1.0487, 98.6500
126, L, A, 0.0000, 98.2200
127, A, A, -0.4286, 97.3600
128, M, A, 0.2776, 98.0300
129, G, A, -0.5396, 96.7500
130, V, A, 0.0000, 98.5300
131, I, A, 0.0000, 98.6400
132, P, A, 0.0000, 98.7100
133, I, A, 0.0000, 98.3400
134, V, A, 0.0000, 97.5500
135, N, A, 0.0000, 95.0300
136, E, A, -0.3634, 92.2200
137, N, A, 0.0713, 92.6600
138, D, A, 0.0179, 89.7400
139, T, A, 0.5427, 90.5700
140, L, A, 1.3490, 88.7500
141, S, A, 0.0000, 80.8800
142, I, A, 0.3130, 71.9100
143, S, A, -0.7525, 61.6400
144, E, A, -1.8603, 52.8500
145, I, A, -0.8715, 48.9700
146, E, A, -1.7261, 51.1500
147, F, A, 0.0000, 52.0200
148, G, A, -1.4516, 55.6100
149, D, A, -1.0434, 75.0800
150, N, A, -0.6403, 87.2700
151, D, A, 0.0000, 88.4100
152, T, A, -0.2608, 86.6000
153, L, A, 0.0000, 91.0900
154, S, A, 0.0000, 94.7000
155, A, A, 0.0000, 90.9200
156, I, A, 0.0000, 89.8200
157, T, A, 0.0000, 93.6400
158, A, A, 0.0000, 94.7100
159, A, A, 0.0000, 89.6400
160, L, A, 0.0000, 89.6400
161, V, A, 0.0000, 92.1700
162, G, A, -0.9821, 90.6100
163, A, A, 0.0000, 95.7400
164, D, A, -0.8675, 95.1700
165, F, A, 0.0000, 97.6100
166, L, A, 0.0000, 98.0900
167, F, A, 0.0000, 98.2100
168, L, A, 0.0000, 95.8200
169, L, A, 0.0000, 94.7400
170, T, A, 0.0000, 88.9900
171, D, A, -2.2450, 82.9900
172, V, A, -1.1746, 85.2700
173, D, A, -1.2829, 89.5300
174, C, A, 0.0000, 92.9200
175, L, A, 0.0000, 90.5200
176, Y, A, -1.3380, 87.8300
177, T, A, -1.8184, 84.9900
178, D, A, -2.7227, 82.1600
179, N, A, -2.5705, 82.4400
180, P, A, -2.3819, 83.6200
181, R, A, -2.4125, 83.0900
182, T, A, -1.7853, 86.4100
183, N, A, -2.2124, 85.8100
184, P, A, -2.1669, 87.8900
185, D, A, -2.7129, 87.6600
186, A, A, -2.6936, 87.8000
187, R, A, -2.6772, 89.5700
188, P, A, -1.3024, 92.3800
189, I, A, 0.0000, 92.4100
190, V, A, 0.0000, 94.6400
191, L, A, 0.0000, 93.0400
192, V, A, 0.0000, 89.6100
193, P, A, -0.3217, 83.0600
194, E, A, -0.5148, 75.5300
195, L, A, -0.4610, 73.0800
196, S, A, -0.7916, 64.9000
197, E, A, -1.4692, 61.1000
198, G, A, -1.0310, 64.4200
199, L, A, 0.0000, 70.9100
200, P, A, -1.5105, 61.4600
201, G, A, -1.5305, 58.3300
202, V, A, 0.0000, 63.5000
203, N, A, -1.7902, 51.3400
204, T, A, -1.1374, 46.6900
205, S, A, -0.8756, 29.9400
206, S, A, -1.1022, 30.4500
207, G, A, -1.1166, 24.0000
208, S, A, -0.9169, 29.7500
209, G, A, -1.1358, 25.7700
210, S, A, -1.3676, 24.5300
211, E, A, -1.9826, 28.9400
212, V, A, -1.1182, 33.5100
213, G, A, -1.3378, 31.8200
214, T, A, -0.8987, 37.0900
215, G, A, -1.2249, 48.8800
216, G, A, -0.7784, 63.8000
217, M, A, -0.4711, 71.6300
218, R, A, -1.0599, 71.1800
219, T, A, -0.6329, 76.3000
220, K, A, -0.3907, 83.7900
221, L, A, 0.0000, 84.0500
222, I, A, 0.5121, 80.8700
223, A, A, 0.0000, 86.2400
224, A, A, 0.0000, 87.7100
225, D, A, -0.1656, 82.2700
226, L, A, 0.0000, 82.0000
227, A, A, 0.0000, 88.2100
228, S, A, -0.6362, 85.1600
229, N, A, -1.1078, 78.0800
230, A, A, -1.4757, 81.8100
231, G, A, 0.0000, 85.7900
232, I, A, 0.0000, 91.8500
233, E, A, -0.4539, 94.1100
234, T, A, 0.0000, 95.9500
235, I, A, 0.0000, 97.4400
236, V, A, 0.0000, 95.4400
237, M, A, 0.0000, 95.3600
238, K, A, -1.9797, 93.0800
239, S, A, 0.0000, 92.2400
240, D, A, -2.4324, 92.6000
241, R, A, -1.8660, 95.5200
242, P, A, 0.0000, 96.4300
243, E, A, -1.1853, 96.4500
244, Y, A, -0.7569, 97.2000
245, V, A, 0.0000, 98.1800
246, P, A, -0.7028, 96.7700
247, K, A, -1.2854, 96.2900
248, I, A, 0.0000, 97.4700
249, V, A, 0.0000, 96.5500
250, D, A, -1.7874, 95.4000
251, Y, A, 0.0000, 96.3800
252, I, A, -1.0704, 94.3000
253, Q, A, -1.5424, 91.5500
254, H, A, -1.4953, 93.8600
255, H, A, -1.4673, 94.2000
256, F, A, 0.0000, 93.0300
257, R, A, -2.4195, 89.6100
258, P, A, -1.7952, 83.7000
259, P, A, -1.6523, 81.0900
260, R, A, -2.5488, 71.6000
261, H, A, -2.0983, 65.0300
262, I, A, -0.8495, 58.9500
263, G, A, -1.3431, 56.1500
264, N, A, -2.2345, 55.7700
265, G, A, -2.0554, 62.8400
266, T, A, -2.0426, 74.4700
267, Q, A, -2.6003, 78.6700
268, Q, A, -2.7047, 82.2100
269, Q, A, -3.0257, 83.6000
270, F, A, 0.0000, 84.8200
271, L, A, -2.1646, 85.6300
272, D, A, -2.7038, 88.8500
273, L, A, -1.5600, 90.5300
274, Q, A, 0.0000, 92.7100
275, D, A, -2.9109, 93.1200
276, T, A, -1.8144, 94.1200
277, E, A, 0.0000, 94.8600
278, L, A, -2.2680, 95.3100
279, E, A, -3.6373, 96.1000
280, Q, A, -2.8727, 96.3000
281, L, A, 0.0000, 96.7500
282, R, A, -3.9079, 96.5600
283, R, A, -3.7042, 96.7600
284, Y, A, -2.5486, 95.8200
285, D, A, -3.1411, 96.1400
286, V, A, 0.0000, 96.5900
287, P, A, -0.8996, 95.5000
288, M, A, -0.3817, 94.7300
289, H, A, 0.0000, 96.8600
290, T, A, 0.0000, 95.8800
291, K, A, 0.0000, 95.3300
292, F, A, 0.0000, 92.3500
293, L, A, 0.0000, 89.9000
294, A, A, -1.1874, 86.5700
295, N, A, 0.0000, 73.4400
296, D, A, -3.2268, 63.0400
297, N, A, -2.9817, 49.5200
298, K, A, -3.3563, 48.3500
299, H, A, -3.2672, 51.6300
300, K, A, -3.6203, 59.0700
301, L, A, -2.2170, 62.5600
302, K, A, -2.7787, 71.0500
303, N, A, -1.7489, 72.8700
304, R, A, -1.3849, 77.7500
305, E, A, -1.5738, 82.5300
306, F, A, 0.0000, 79.2700
307, W, A, 0.0000, 79.8700
308, I, A, 0.0000, 81.9100
309, L, A, 0.1679, 80.2700
310, H, A, 0.0709, 77.0600
311, G, A, 0.0000, 71.1800
312, L, A, 0.0729, 77.7700
313, I, A, 0.5638, 79.8600
314, T, A, -0.3558, 85.5400
315, K, A, -2.1616, 86.4700
316, G, A, -2.1095, 93.4600
317, A, A, 0.0000, 96.9900
318, I, A, 0.0000, 97.8300
319, I, A, 0.0000, 97.8600
320, I, A, 0.0000, 96.7000
321, D, A, -1.6156, 92.2000
322, E, A, -2.4158, 90.8900
323, N, A, -2.7541, 89.9300
324, S, A, -2.0578, 91.5800
325, Y, A, -1.8629, 92.1700
326, D, A, -2.9596, 89.7300
327, K, A, -3.1202, 88.6200
328, L, A, 0.0000, 88.5100
329, L, A, -1.2133, 84.6700
330, S, A, -2.0064, 80.8300
331, K, A, -2.5058, 66.0100
332, D, A, -2.7126, 70.2500
333, M, A, -1.6779, 66.2000
334, A, A, -1.6668, 76.7700
335, S, A, -1.4808, 90.6300
336, L, A, 0.0000, 94.4900
337, T, A, -0.7804, 94.3400
338, P, A, 0.0000, 94.5500
339, N, A, -1.2224, 93.7800
340, A, A, 0.0000, 94.1300
341, V, A, 0.0000, 96.9900
342, I, A, 0.0000, 96.6100
343, E, A, -1.1337, 97.0200
344, V, A, -1.0574, 97.3900
345, R, A, -2.0885, 96.3000
346, D, A, -2.9339, 96.0700
347, N, A, -2.5521, 92.0200
348, F, A, 0.0000, 92.5400
349, H, A, -2.1635, 89.3200
350, E, A, -2.0925, 86.3300
351, L, A, -0.8712, 83.1000
352, E, A, -1.1593, 87.0900
353, C, A, 0.0000, 90.8400
354, V, A, 0.0000, 94.1000
355, D, A, -0.7530, 95.5200
356, L, A, 0.0000, 96.5700
357, K, A, -0.7583, 96.9700
358, I, A, -0.8529, 95.3200
359, G, A, 0.0000, 94.6500
360, Q, A, -1.3179, 94.5800
361, R, A, -1.6742, 94.1900
362, L, A, -1.0746, 93.9600
363, P, A, -1.3156, 91.6000
364, N, A, -2.0565, 92.0000
365, G, A, -2.2324, 90.4400
366, E, A, -2.3883, 93.5000
367, L, A, 0.0000, 94.1200
368, D, A, -0.4605, 95.3400
369, I, A, 1.1498, 92.2400
370, S, A, 0.1198, 91.5000
371, K, A, -0.8535, 89.7300
372, P, A, -0.5132, 90.4700
373, I, A, -0.2859, 91.9700
374, Q, A, -1.2539, 91.5600
375, S, A, -0.7558, 91.6800
376, V, A, 0.0000, 91.6100
377, G, A, 0.0000, 91.9800
378, C, A, 0.0064, 93.0200
379, V, A, 0.0000, 93.7300
380, R, A, -1.0115, 92.7800
381, S, A, 0.0000, 92.2200
382, N, A, -0.8129, 91.2900
383, Y, A, 0.0000, 93.8700
384, T, A, -0.8935, 93.3200
385, S, A, 0.0000, 96.1900
386, L, A, 0.3850, 95.0400
387, E, A, -0.3950, 95.9200
388, L, A, 0.0000, 96.2100
389, A, A, -0.7528, 95.9900
390, K, A, -1.3959, 95.6600
391, I, A, 0.0000, 95.3700
392, K, A, -1.7191, 94.7700
393, G, A, -1.5526, 93.3800
394, L, A, -1.1462, 93.8000
395, P, A, -1.4871, 93.8300
396, S, A, -2.2225, 92.7400
397, E, A, -3.0992, 93.0300
398, K, A, -2.8066, 94.1100
399, I, A, 0.0000, 92.0800
400, H, A, -2.0758, 91.7300
401, D, A, -2.4109, 93.7000
402, V, A, -0.9039, 93.8200
403, L, A, -0.6157, 92.1100
404, G, A, -0.7347, 89.1600
405, Y, A, 0.4315, 84.3900
406, S, A, -0.1709, 79.8000
407, V, A, 1.2023, 77.4400
408, S, A, -0.3194, 87.9200
409, E, A, -2.0930, 91.1400
410, Y, A, -0.9989, 93.5300
411, V, A, 0.0000, 94.4700
412, A, A, 0.0000, 93.0400
413, H, A, -1.8020, 89.7500
414, R, A, -2.2031, 88.9300
415, E, A, -2.0952, 84.0800
416, N, A, 0.0000, 89.5600
417, I, A, 0.0000, 91.3500
418, A, A, 0.0000, 89.1500
419, F, A, 0.0581, 86.4900
420, P, A, -0.3114, 74.0200
421, P, A, 0.0000, 64.0500
422, Q, A, -0.3429, 59.5500
423, F, A, 0.8739, 42.5800
