RESIDUE_ID, RESIDUE_NAME, CHAIN, A3D_SCORE, AF_SCORE
85, A, A, 0.0585, 71.2800
114, I, A, 3.3635, 74.0800
115, I, A, 3.9884, 74.6000
116, F, A, 3.6554, 76.8300
117, R, A, 1.5883, 79.2800
118, T, A, 2.4554, 82.2300
119, L, A, 4.0914, 83.4600
120, F, A, 4.1569, 85.8500
121, G, A, 2.7657, 89.4900
122, S, A, 3.1928, 90.0000
123, L, A, 4.5505, 90.4900
124, V, A, 5.3962, 93.0400
125, F, A, 5.3755, 92.4500
126, A, A, 4.6558, 92.7800
127, I, A, 5.8707, 92.7200
128, F, A, 5.5863, 93.0000
129, L, A, 5.2167, 91.6400
130, I, A, 5.4903, 88.6500
131, L, A, 4.8694, 85.2600
132, M, A, 4.1819, 83.3600
133, I, A, 4.1230, 81.7100
134, N, A, 2.1571, 72.9900
135, I, A, 3.0095, 75.7000
148, F, A, 0.1064, 77.5300
149, G, A, -0.3172, 80.1200
150, S, A, -0.7583, 81.9000
151, P, A, -1.0009, 78.9900
152, E, A, -2.0776, 84.5700
153, F, A, -0.6992, 91.5400
154, D, A, -0.6278, 91.2300
155, P, A, 0.1088, 90.9800
156, Y, A, 1.2442, 88.8800
157, V, A, 0.6345, 90.4000
158, K, A, -0.7810, 93.5700
159, Y, A, 0.0365, 95.5100
160, F, A, 0.5123, 96.0400
161, N, A, -0.4372, 95.5800
162, G, A, -0.6202, 96.2000
163, T, A, -0.6845, 94.3100
164, H, A, -1.0759, 94.9800
165, E, A, -1.3622, 95.4100
166, F, A, 0.0000, 95.9600
167, F, A, -0.0665, 94.7700
168, P, A, -0.0857, 95.2400
169, L, A, 0.0000, 97.6600
170, T, A, 0.0000, 98.5800
171, I, A, 0.0000, 98.8800
172, V, A, 0.0000, 98.9300
173, I, A, 0.0000, 98.9000
174, S, A, 0.0000, 98.8300
175, L, A, 0.0000, 98.8400
176, D, A, 0.0000, 98.6900
177, G, A, 0.0000, 98.3800
178, F, A, 0.0000, 98.7000
179, H, A, 0.0000, 98.5700
180, P, A, 0.0000, 98.1900
181, S, A, 0.0000, 97.6900
182, L, A, 0.0000, 98.2200
183, I, A, 0.0000, 98.5400
184, S, A, 0.0000, 97.1500
185, K, A, -2.8479, 96.8300
186, R, A, -2.6810, 95.5800
187, N, A, -2.0378, 96.3700
188, T, A, 0.0000, 98.4700
189, P, A, -1.6454, 98.1400
190, F, A, 0.0000, 98.6000
191, L, A, 0.0000, 98.7300
192, H, A, -1.5542, 98.1600
193, D, A, -1.9838, 98.0300
194, L, A, 0.0000, 98.4900
195, Y, A, 0.0000, 97.7500
196, E, A, -0.9278, 96.5100
197, L, A, -1.4482, 97.0900
198, K, A, -2.4296, 95.3600
199, Y, A, -1.9254, 96.4300
200, D, A, -2.4440, 88.7900
201, G, A, -1.6889, 87.6500
202, G, A, -1.1669, 85.1900
203, M, A, 0.0000, 90.9000
204, N, A, -1.2704, 95.0200
205, I, A, 0.0000, 97.6500
206, T, A, 0.0000, 97.8400
207, S, A, 0.0000, 98.0800
208, T, A, 0.0000, 97.8100
209, P, A, 0.0000, 97.8000
210, F, A, 0.0396, 98.1900
211, M, A, 0.0000, 98.2400
212, V, A, -0.1480, 98.2000
213, P, A, 0.0000, 98.6000
214, S, A, 0.0000, 98.4400
215, F, A, 0.0000, 97.9700
216, P, A, 0.0000, 97.5300
217, T, A, 0.0000, 98.1800
218, E, A, 0.0000, 97.5700
219, T, A, 0.0000, 97.3200
220, F, A, 0.0959, 97.0900
221, P, A, 0.0000, 97.2300
222, N, A, 0.0000, 98.6400
223, H, A, 0.0000, 98.5900
224, W, A, 0.0000, 97.5800
225, T, A, 0.0000, 98.6600
226, L, A, 0.0000, 98.7900
227, V, A, 0.0000, 98.4700
228, T, A, 0.0000, 98.0500
229, G, A, 0.0000, 98.0500
230, Q, A, 0.0000, 97.5300
231, Y, A, -0.4079, 96.8900
232, P, A, 0.0000, 95.7300
233, I, A, 0.0000, 94.1600
234, H, A, -1.4897, 93.8200
235, H, A, 0.0000, 93.7100
236, G, A, 0.0000, 92.6300
237, I, A, 0.0000, 94.1800
238, V, A, 0.0000, 94.0700
239, S, A, 0.0000, 94.0500
240, N, A, -0.1683, 91.7700
241, V, A, -0.0085, 94.5500
242, F, A, 0.0000, 94.1400
243, W, A, -0.8978, 93.9500
244, D, A, 0.0000, 92.2600
245, P, A, -1.7510, 89.7900
246, D, A, -2.4544, 87.6600
247, L, A, -1.7456, 88.2200
248, N, A, -2.3082, 91.1300
249, E, A, -2.3709, 91.9900
250, E, A, -1.3497, 93.4400
251, F, A, 0.0000, 94.1200
252, H, A, -0.7862, 93.3400
253, P, A, -0.4939, 89.1200
254, G, A, -0.4011, 89.9000
255, V, A, -0.1801, 92.5800
256, L, A, -0.0582, 90.6200
257, D, A, -0.8040, 88.3400
258, P, A, -1.0445, 88.2200
259, R, A, -1.9340, 85.1600
260, I, A, 0.0000, 87.9100
261, W, A, 0.0000, 89.2100
262, N, A, -1.7903, 83.3700
263, N, A, -2.1420, 78.5800
264, N, A, -2.4038, 70.7500
265, D, A, -2.8331, 81.3600
266, T, A, 0.0000, 89.2500
267, E, A, -1.1621, 93.3800
268, P, A, 0.0000, 96.9700
269, I, A, 0.0000, 97.9900
270, W, A, 0.0000, 96.5900
271, Q, A, -0.5436, 94.8600
272, T, A, 0.0000, 95.6000
273, V, A, 0.0000, 95.3900
274, Q, A, 0.0000, 93.3500
275, S, A, -0.9938, 92.0200
276, A, A, -0.7017, 91.1000
277, F, A, -0.3516, 86.6300
278, D, A, -1.5795, 73.2200
282, P, A, -1.1732, 77.0800
283, F, A, 0.0000, 92.6900
284, K, A, -0.5367, 95.1800
285, A, A, 0.0000, 97.2000
286, A, A, 0.0000, 98.4300
287, T, A, 0.0000, 98.5000
288, H, A, 0.0000, 98.3100
289, M, A, 0.0000, 96.9000
290, W, A, 0.0000, 98.0700
291, P, A, 0.0000, 96.7600
292, G, A, 0.0000, 93.9300
293, S, A, 0.0000, 95.3700
294, D, A, -0.5848, 93.9600
295, V, A, 0.0000, 91.6200
296, N, A, -1.2284, 86.8200
297, Y, A, 0.0000, 85.4500
298, T, A, -1.1859, 75.0600
300, Y, A, -0.1972, 72.5700
301, N, A, -1.3712, 72.8300
302, E, A, -1.7960, 72.2300
312, P, A, -0.6475, 71.8200
313, I, A, -0.5746, 79.6500
314, A, A, -1.1728, 81.2500
315, R, A, -2.1254, 82.2500
316, E, A, -1.2767, 87.9600
317, R, A, 0.0000, 91.0400
318, T, A, 0.0000, 92.6300
319, P, A, 0.0000, 94.7700
320, F, A, 0.4950, 94.5300
321, Y, A, 0.6068, 96.7400
322, F, A, 0.2757, 96.3300
323, D, A, -0.6131, 96.2400
324, E, A, -1.2543, 95.1000
325, F, A, 0.2025, 93.8800
326, N, A, -0.9533, 94.5000
327, A, A, -1.0100, 89.6500
328, K, A, -1.8784, 92.2500
329, E, A, -1.3713, 96.6300
330, P, A, -1.4563, 97.5900
331, L, A, 0.0000, 98.2400
332, S, A, -1.1989, 97.9300
333, Q, A, -1.3611, 98.2200
334, K, A, 0.0000, 98.2300
335, L, A, -0.8950, 98.6900
336, S, A, -1.2004, 98.4200
337, K, A, -1.5943, 98.1600
338, I, A, 0.0000, 98.6200
339, I, A, -1.3451, 98.5300
340, E, A, -2.4148, 98.2300
341, Y, A, 0.0000, 98.2800
342, V, A, 0.0000, 98.2500
343, D, A, -2.1686, 97.3200
344, M, A, -1.6401, 96.4600
345, S, A, -1.4400, 88.1200
346, T, A, -1.4473, 90.7100
347, L, A, -1.7346, 92.1500
348, N, A, -2.0504, 90.0400
349, E, A, -2.1705, 92.6400
350, R, A, 0.0000, 96.1700
351, P, A, 0.0000, 97.2600
352, Q, A, -0.4487, 97.0500
353, L, A, 0.0000, 98.6100
354, I, A, 0.0000, 98.8400
355, L, A, 0.0000, 98.8900
356, G, A, 0.0000, 98.6600
357, Y, A, 0.0000, 98.5200
358, V, A, 0.0000, 98.6900
359, P, A, -0.3513, 97.9100
360, N, A, -0.8749, 98.1700
361, V, A, 0.0000, 98.4200
362, D, A, -0.5899, 98.1800
363, A, A, -0.6241, 97.0200
364, F, A, -0.8761, 97.5600
365, G, A, 0.0000, 97.5000
366, H, A, -1.2691, 95.8300
367, K, A, -1.9884, 94.4300
368, H, A, -1.4230, 95.4600
369, G, A, 0.0000, 96.1500
370, Y, A, 0.0000, 96.0900
371, P, A, 0.0000, 94.7600
372, S, A, -1.2623, 91.5800
373, E, A, -2.2808, 89.6700
374, S, A, -1.4228, 90.2100
375, E, A, -1.2518, 92.9300
376, Y, A, -0.5109, 94.9400
377, Y, A, 0.0000, 96.2500
378, Y, A, -2.0633, 96.0800
379, E, A, -3.2890, 97.2200
380, D, A, -3.0817, 97.5900
381, F, A, 0.0000, 97.6100
382, T, A, -2.7760, 97.7100
383, E, A, -3.4037, 98.3400
384, T, A, -2.2552, 98.4100
385, L, A, 0.0000, 98.6300
386, G, A, -2.0597, 98.6300
387, E, A, -2.3825, 98.6100
388, V, A, 0.0000, 98.8300
389, D, A, 0.0000, 98.8800
390, T, A, -1.2080, 98.7700
391, F, A, 0.0000, 98.8300
392, L, A, 0.0000, 98.8300
393, K, A, -1.8639, 98.6800
394, Q, A, -1.9857, 98.6900
395, L, A, 0.0000, 98.6800
396, V, A, 0.0000, 98.5400
397, E, A, -3.1893, 97.9500
398, S, A, -2.2417, 98.1100
399, L, A, 0.0000, 97.6300
400, Q, A, -2.7192, 97.0100
401, E, A, -3.0884, 96.8400
402, R, A, -2.6121, 97.0500
403, N, A, -2.2821, 96.9300
404, L, A, 0.0000, 96.6000
405, T, A, -1.1818, 94.5000
406, S, A, -0.5965, 93.4200
407, F, A, 0.0000, 95.2500
408, T, A, 0.0000, 97.3200
409, N, A, 0.0000, 98.1900
410, L, A, 0.0000, 98.6300
411, V, A, 0.0000, 98.8500
412, I, A, 0.0000, 98.9200
413, V, A, 0.0000, 98.9100
414, S, A, 0.0000, 98.8500
415, D, A, 0.0000, 98.5400
416, H, A, 0.0000, 98.6000
417, G, A, 0.0000, 97.9100
418, M, A, 0.0000, 97.8800
419, S, A, 0.0000, 97.8700
420, D, A, -0.4803, 97.0200
421, I, A, 0.0000, 97.3600
422, V, A, 0.4798, 96.5600
423, V, A, 0.0000, 96.4300
424, P, A, -0.3548, 95.2600
425, S, A, -0.0006, 95.5000
426, N, A, -0.0612, 97.7100
427, V, A, 0.3754, 97.8000
428, I, A, -0.1187, 97.5000
429, I, A, -0.9674, 97.4100
430, W, A, 0.0000, 96.3200
431, E, A, -2.1772, 96.3000
432, D, A, -2.6808, 95.8700
433, L, A, 0.0000, 95.8900
434, L, A, 0.0000, 94.9500
435, D, A, -3.7056, 93.2100
436, E, A, -4.3486, 95.2000
437, K, A, -3.8665, 95.0600
438, L, A, -2.8624, 94.4900
439, R, A, -2.8667, 96.2100
440, K, A, -3.6741, 95.7000
441, D, A, -2.9541, 96.3000
442, Y, A, -2.1062, 96.9500
443, V, A, -1.5240, 96.9900
444, S, A, -1.3807, 95.7600
445, H, A, -0.6168, 95.1500
446, A, A, -0.0017, 95.7600
447, Y, A, 0.2281, 95.0700
448, L, A, 0.1575, 92.1200
449, E, A, 0.0000, 87.4300
450, G, A, -0.1717, 88.9500
451, P, A, 0.0000, 95.9600
452, M, A, 0.0000, 97.5500
453, M, A, 0.0000, 97.2300
454, A, A, 0.0000, 96.2200
455, I, A, 0.0000, 96.1600
456, S, A, -0.5410, 95.0700
457, L, A, -1.4860, 95.3100
458, K, A, -2.9067, 94.8600
459, D, A, -2.8776, 93.5000
460, S, A, -1.7632, 88.2400
461, G, A, -1.7678, 92.8900
462, N, A, -1.8692, 95.4300
463, I, A, -1.5114, 95.5500
464, N, A, -2.1860, 95.4900
465, E, A, -2.3130, 95.5200
466, V, A, 0.0000, 96.8800
467, Y, A, -1.3877, 96.5200
468, H, A, -2.2165, 95.7800
469, N, A, -2.0274, 95.9400
470, L, A, 0.0000, 97.1500
471, K, A, -1.6278, 95.6400
472, T, A, -1.2402, 95.2900
473, S, A, -1.2635, 94.5200
474, I, A, -1.4139, 96.1200
475, D, A, -2.5867, 96.2900
476, E, A, -3.6067, 94.8300
477, D, A, -3.4956, 95.5100
478, K, A, -2.8452, 97.4000
479, Y, A, 0.0000, 98.0900
480, T, A, -1.4594, 97.6700
481, V, A, 0.0000, 97.7600
482, Y, A, -0.2945, 96.0800
483, V, A, -0.5794, 94.6200
484, N, A, -1.2175, 90.5500
485, G, A, -2.0344, 90.0500
486, N, A, -2.0329, 93.4300
487, F, A, 0.0000, 95.3700
488, P, A, -2.0088, 96.1500
489, K, A, -3.1144, 94.6200
490, E, A, -3.0989, 93.7800
491, W, A, 0.0000, 96.1100
492, N, A, -1.9843, 95.4600
493, F, A, 0.0000, 95.3400
494, N, A, -2.3859, 91.5900
495, D, A, -2.2896, 79.7300
497, K, A, -2.3843, 73.2900
498, N, A, -1.6865, 83.8400
499, H, A, -1.5326, 85.2000
500, H, A, 0.0000, 90.9700
501, M, A, -0.6871, 91.9100
502, A, A, -0.1314, 93.3300
503, S, A, -0.5164, 93.7900
504, I, A, 0.0000, 96.0200
505, W, A, 0.0000, 96.7800
506, I, A, 0.0000, 98.0300
507, V, A, 0.0000, 97.7900
508, P, A, 0.0000, 98.3000
509, E, A, -2.5452, 97.9800
510, P, A, -1.0806, 97.7000
511, G, A, -0.5711, 97.3800
512, Y, A, -0.4229, 98.5200
513, A, A, 0.0000, 98.3200
514, V, A, 0.0000, 98.1800
515, M, A, 0.0000, 97.5300
516, K, A, -2.3783, 96.4500
517, K, A, -3.7059, 95.7900
518, E, A, -3.9271, 94.7200
519, Q, A, -3.1715, 92.9000
520, L, A, -2.6911, 94.6600
521, K, A, -4.0834, 94.0600
522, K, A, -3.8324, 91.9800
523, V, A, -2.3854, 91.9700
524, A, A, -2.5776, 90.8600
525, K, A, -3.1587, 89.3800
526, G, A, -2.8549, 84.6600
527, D, A, -3.0542, 82.6400
528, H, A, -2.6895, 89.3300
529, K, A, -2.6646, 89.7100
530, D, A, -2.0607, 91.4400
531, K, A, -2.7933, 91.1900
532, N, A, -3.2772, 90.0600
533, E, A, -3.5913, 89.2900
534, D, A, -3.5485, 90.3100
535, N, A, -3.2554, 91.5600
536, V, A, -1.6397, 94.8900
537, F, A, 0.0000, 95.8100
538, T, A, -0.4934, 95.7900
539, I, A, 0.0000, 96.5700
540, G, A, 0.0000, 97.1600
541, S, A, -0.5485, 97.6400
542, H, A, 0.0000, 98.2200
543, G, A, 0.0000, 97.0600
544, Y, A, 0.0000, 97.7000
545, D, A, -1.4146, 96.7400
546, N, A, 0.0000, 96.9500
547, N, A, -1.5225, 95.2100
548, A, A, -0.8287, 96.6000
549, I, A, -0.1352, 97.2200
550, D, A, 0.0000, 97.5400
551, M, A, 0.0000, 98.0500
552, R, A, 0.0000, 98.1600
553, S, A, 0.0000, 98.3900
554, V, A, 0.0000, 98.7300
555, F, A, 0.0000, 98.7900
556, I, A, 0.0000, 98.8100
557, G, A, 0.0000, 98.3600
558, M, A, 0.0000, 97.7900
559, G, A, 0.0000, 96.8300
560, P, A, 0.0000, 95.5600
561, Y, A, 0.0000, 95.5100
562, F, A, 0.0000, 96.2100
563, P, A, 0.0000, 95.0200
564, Q, A, -1.2495, 94.8400
565, G, A, 0.0000, 96.8500
566, Y, A, 0.0000, 98.1500
567, I, A, 0.0000, 97.0800
568, E, A, -1.8544, 96.8000
569, P, A, -0.5830, 97.3700
570, F, A, 0.0000, 97.5500
571, Q, A, -0.3055, 98.0800
572, N, A, 0.0000, 98.5500
573, T, A, 0.0000, 98.4100
574, E, A, 0.0000, 98.3300
575, I, A, 0.0000, 98.6800
576, Y, A, 0.0000, 98.4400
577, N, A, -0.7522, 97.0400
578, L, A, 0.0000, 97.5100
579, L, A, 0.0000, 98.1900
580, C, A, 0.0000, 96.9400
581, D, A, -0.7750, 95.0200
582, I, A, 0.0000, 95.5900
583, C, A, 0.0000, 95.3500
584, G, A, 0.0000, 92.8300
585, V, A, 0.0000, 93.8800
586, A, A, -1.6665, 91.2200
587, E, A, -3.0619, 90.8800
588, K, A, -3.0184, 91.2500
589, D, A, -2.1821, 92.0400
590, R, A, -2.0086, 93.1000
591, N, A, -1.6303, 93.7200
592, S, A, -1.4538, 94.3100
593, N, A, -1.1234, 95.9200
594, D, A, -0.8475, 97.0800
595, G, A, -0.4817, 95.9400
596, T, A, -0.3604, 94.5900
597, G, A, -0.3026, 91.5500
598, M, A, -0.2963, 93.1800
599, L, A, 0.0000, 95.2500
600, M, A, -0.9614, 92.9400
601, N, A, -1.9625, 91.9200
602, Q, A, -2.0017, 94.0700
603, L, A, 0.0000, 94.0800
604, R, A, -2.8382, 89.6400
605, E, A, -3.0624, 88.6400
606, P, A, -2.3163, 89.4400
607, Q, A, -2.4170, 92.5500
608, S, A, -1.9125, 91.6600
609, S, A, -1.9905, 86.5300
610, E, A, -3.1108, 85.5000
611, E, A, -3.5258, 88.6700
612, V, A, 0.0000, 90.5000
613, E, A, -3.2022, 85.8400
614, I, A, -2.2584, 91.5900
615, E, A, -2.4665, 88.1100
616, D, A, -1.9909, 93.1500
617, D, A, -1.9995, 94.7900
618, F, A, -1.4757, 94.8800
619, D, A, -2.0170, 93.5500
620, Y, A, -0.6375, 94.8600
621, L, A, 0.0000, 94.7900
622, V, A, -0.6489, 92.6100
623, S, A, -0.5422, 91.0200
624, K, A, -0.5699, 91.0100
625, F, A, -0.1496, 91.8900
626, G, A, -0.8163, 87.3500
627, E, A, -1.2405, 85.7700
628, F, A, -1.0001, 91.8500
629, S, A, 0.0000, 95.2300
630, T, A, 0.0000, 96.5200
631, Y, A, 0.0000, 95.8900
632, N, A, 0.0000, 93.9200
633, I, A, -0.2957, 93.1000
634, I, A, -0.1635, 94.0800
635, W, A, -0.6166, 94.4800
636, G, A, -0.7401, 90.9500
637, G, A, -0.4191, 87.1500
638, Y, A, -0.4498, 87.9600
639, P, A, -1.2172, 83.9700
640, E, A, -2.2767, 81.7200
641, E, A, -1.9092, 76.1700
642, T, A, -0.7519, 74.0200
