RESIDUE_ID, RESIDUE_NAME, CHAIN, A3D_SCORE, AF_SCORE
1, M, A, 1.1234, 28.9000
2, Y, A, 0.5561, 33.0900
3, R, A, -1.0542, 32.7900
4, S, A, -0.3872, 35.1200
5, S, A, 0.2098, 38.8200
6, I, A, 1.0034, 39.4200
7, S, A, 0.1358, 40.6100
8, I, A, 0.3209, 45.0800
9, Q, A, -0.4203, 43.9800
10, V, A, 0.0000, 48.9600
11, F, A, 0.6151, 47.4700
12, I, A, 0.0000, 55.4200
13, C, A, 0.8863, 44.7300
14, V, A, 0.0000, 51.2500
15, L, A, 0.8311, 48.6000
16, F, A, 0.4702, 48.5400
17, L, A, 0.4034, 44.8200
18, P, A, -0.6371, 44.3600
19, L, A, -0.8535, 46.6000
20, D, A, -1.9837, 50.2200
21, S, A, -1.3801, 51.6300
22, G, A, -1.2825, 51.4700
23, R, A, -1.3199, 36.2200
24, P, A, -0.7746, 37.5800
25, L, A, 0.0000, 37.1500
26, I, A, 1.0276, 43.2000
27, Y, A, 1.8159, 39.7400
28, M, A, 0.0000, 40.1500
29, I, A, 1.3585, 41.5100
30, D, A, 0.8465, 45.1400
31, L, A, 1.3507, 35.7100
32, S, A, 1.2015, 39.2900
33, Y, A, 2.4865, 31.4500
34, I, A, 2.7351, 25.8100
35, C, A, 1.5445, 23.2800
36, S, A, -0.1783, 22.8400
37, D, A, -1.0825, 23.6000
38, A, A, 0.0391, 22.4200
39, T, A, 0.7456, 22.2800
40, V, A, 2.4657, 21.6800
41, F, A, 2.6921, 22.8100
42, S, A, 0.8103, 23.6300
43, G, A, -0.9048, 24.3600
44, K, A, -1.9985, 24.9100
45, S, A, -1.2035, 28.1900
46, R, A, -1.1444, 30.0100
47, V, A, 1.5578, 29.0200
48, I, A, 1.7699, 32.6400
49, F, A, 2.4834, 27.5700
50, F, A, 1.3341, 30.6600
51, S, A, 0.0730, 28.5000
52, N, A, -1.0505, 23.6000
53, P, A, -1.0877, 28.3700
54, I, A, -0.7124, 26.7400
55, C, A, -1.2221, 28.1200
56, E, A, -2.4937, 25.1700
57, H, A, -2.2565, 25.1600
58, T, A, -2.1117, 28.3600
59, R, A, -2.6901, 33.1000
60, G, A, -1.8677, 31.4000
61, N, A, -1.0796, 27.0600
62, F, A, 0.0157, 36.8000
63, Y, A, 0.4028, 43.9800
64, L, A, 1.2763, 35.3900
65, F, A, 1.9026, 38.6400
66, Y, A, 0.0000, 44.9500
67, L, A, 0.0000, 44.0300
68, N, A, 0.2107, 39.8100
69, Y, A, 0.5636, 44.7500
70, I, A, 0.0000, 44.6100
71, I, A, 0.0000, 45.2000
72, N, A, -1.3226, 41.2400
73, T, A, -0.0829, 45.7600
74, F, A, 1.1783, 42.8200
75, A, A, -0.3278, 43.0900
76, P, A, -1.5026, 37.8700
77, K, A, -3.2474, 41.6700
78, N, A, -3.5293, 38.5300
79, R, A, -3.4330, 37.5200
80, G, A, -3.1700, 45.2400
81, T, A, -3.5668, 43.5100
82, R, A, -5.1060, 41.1700
83, R, A, -4.3089, 39.0900
84, C, A, -2.8227, 37.1100
85, K, A, -2.4219, 36.3300
86, P, A, -0.5355, 40.7100
87, F, A, -0.0098, 37.2200
88, G, A, -0.3770, 36.1100
89, L, A, 0.0000, 41.3200
90, H, A, -1.1963, 37.2100
91, I, A, -0.9728, 42.0800
92, N, A, -1.9570, 34.6500
93, C, A, -1.7729, 36.8800
94, R, A, -2.9727, 37.7300
95, K, A, -2.8835, 41.0600
96, K, A, -1.8347, 43.9700
97, I, A, 0.2523, 47.1600
98, D, A, -0.6213, 45.6200
99, C, A, 0.4276, 43.7800
100, L, A, 0.0000, 49.1400
101, H, A, -0.0408, 46.3600
102, V, A, 0.0000, 48.8200
103, Q, A, -0.8245, 44.2600
104, L, A, 0.0000, 47.8900
105, S, A, -0.0055, 41.1700
106, Y, A, 0.8070, 38.7400
107, I, A, 0.0000, 45.8700
108, L, A, -0.8624, 47.2200
109, C, A, -2.2115, 37.5900
110, K, A, -4.5901, 39.7700
111, N, A, -4.4563, 42.8000
112, K, A, -4.3912, 44.0900
113, S, A, -3.0909, 46.0300
114, R, A, -4.3586, 42.2100
115, K, A, -4.2718, 34.4600
116, R, A, -3.6215, 34.1500
117, H, A, -2.2999, 26.9600
118, M, A, -0.9618, 28.7200
119, D, A, -1.6698, 28.6900
120, A, A, -0.8673, 27.5800
121, H, A, -0.9558, 30.1000
122, A, A, 0.1563, 29.3100
123, I, A, 0.7763, 35.1500
124, T, A, 0.4236, 31.4600
125, L, A, 0.8976, 32.4500
126, A, A, 0.9176, 32.2200
127, W, A, 1.4127, 31.5000
128, L, A, 1.2502, 30.8400
129, A, A, 0.5919, 29.3300
130, H, A, -0.0871, 34.6400
131, A, A, 0.4988, 29.9300
132, L, A, 1.3020, 27.7700
133, T, A, 0.5657, 34.6700
