RESIDUE_ID, RESIDUE_NAME, CHAIN, A3D_SCORE, AF_SCORE
1, M, A, 1.0855, 53.5800
2, S, A, 0.2556, 75.1600
3, T, A, 0.0555, 92.2000
4, I, A, 0.0000, 98.1800
5, P, A, -0.7852, 98.3100
6, S, A, -1.6761, 98.0800
7, E, A, -2.1352, 98.2900
8, I, A, 0.0000, 98.5300
9, I, A, 0.0000, 98.6700
10, N, A, -0.4836, 98.6100
11, W, A, -0.2788, 98.0300
12, T, A, -0.4289, 98.3800
13, I, A, -0.2477, 98.3300
14, L, A, 0.0000, 98.2600
15, N, A, -1.6321, 97.6600
16, E, A, -1.9833, 97.4900
17, I, A, 0.0000, 97.2000
18, I, A, -1.3051, 97.5700
19, S, A, -1.7195, 96.5100
20, M, A, -1.6669, 96.0300
21, D, A, -2.9108, 95.8300
22, D, A, -3.2919, 93.8600
23, D, A, -3.6243, 93.1300
24, D, A, -3.5653, 92.9200
25, S, A, -2.8206, 90.2800
26, D, A, -2.7076, 94.1600
27, F, A, -1.4936, 97.3200
28, S, A, 0.0000, 97.9000
29, K, A, -0.8284, 97.7200
30, G, A, -0.5783, 98.0900
31, L, A, 0.0746, 98.3800
32, I, A, 0.0000, 98.5400
33, I, A, -0.1027, 98.5000
34, Q, A, -1.3271, 98.5200
35, F, A, 0.0000, 98.7600
36, I, A, -1.2616, 98.8000
37, D, A, -2.5260, 98.5500
38, Q, A, -1.7519, 98.4800
39, A, A, 0.0000, 98.8200
40, Q, A, -2.0575, 98.7500
41, T, A, -1.4859, 98.6600
42, T, A, 0.0000, 98.7400
43, F, A, 0.0000, 98.8500
44, A, A, -1.3179, 98.7400
45, Q, A, -1.9335, 98.7700
46, M, A, 0.0000, 98.8000
47, Q, A, -1.9741, 98.7400
48, R, A, -3.2274, 98.4600
49, Q, A, -2.9157, 98.2100
50, L, A, 0.0000, 98.3300
51, D, A, -3.0054, 97.5700
52, G, A, -2.8172, 96.3500
53, E, A, -3.1898, 95.9100
54, K, A, -2.6547, 97.0100
55, N, A, -1.7374, 98.0300
56, L, A, 0.0000, 98.4400
57, T, A, -1.4048, 98.4600
58, E, A, -1.8625, 98.7000
59, L, A, 0.0000, 98.8200
60, D, A, 0.0000, 98.7100
61, N, A, -1.2241, 98.7500
62, L, A, 0.0000, 98.8400
63, G, A, 0.0000, 98.6900
64, H, A, -0.6581, 98.6300
65, F, A, 0.9359, 98.7000
66, L, A, 0.0000, 98.6800
67, K, A, -0.4994, 98.7100
68, G, A, -0.2060, 98.4400
69, S, A, -0.1029, 98.3700
70, S, A, 0.0000, 98.7900
71, A, A, -0.2129, 98.5600
72, A, A, -0.0404, 98.2100
73, L, A, 0.0000, 98.7200
74, G, A, 0.0000, 98.6000
75, L, A, 0.0000, 98.7800
76, Q, A, -0.5751, 98.6300
77, R, A, 0.0000, 98.7400
78, I, A, 0.0000, 98.8100
79, A, A, -0.3482, 98.7400
80, W, A, 0.0000, 98.7300
81, V, A, 0.0000, 98.7800
82, C, A, 0.0000, 98.7400
83, E, A, -0.7330, 98.6500
84, R, A, 0.0000, 98.6000
85, I, A, 0.0000, 98.7300
86, Q, A, -1.2234, 98.5500
87, N, A, -1.2255, 98.3200
88, L, A, 0.0000, 98.4000
89, G, A, -1.6837, 98.4500
90, R, A, -2.1382, 98.2600
91, K, A, -1.7023, 97.5100
92, M, A, -0.1495, 97.5000
93, E, A, -0.2218, 96.3100
94, H, A, -0.0991, 96.4300
95, F, A, 1.4113, 96.6700
96, F, A, 0.0000, 97.8000
97, P, A, 0.0000, 97.5600
98, N, A, -1.6942, 96.7700
99, K, A, -1.7376, 97.3800
100, T, A, -1.6455, 95.8300
101, E, A, -2.6752, 96.8400
102, L, A, 0.0000, 97.6800
103, V, A, 0.0000, 97.2800
104, N, A, -2.4650, 96.3500
105, T, A, -1.8434, 97.7300
106, L, A, 0.0000, 97.8600
107, S, A, -2.1834, 96.7400
108, D, A, -3.0669, 96.1200
109, K, A, -2.9117, 93.4200
110, S, A, -1.8919, 95.5200
111, I, A, 0.0000, 95.0700
112, I, A, -1.0627, 95.5900
113, N, A, -1.6686, 93.5900
114, G, A, -1.0441, 90.8100
115, I, A, -1.1716, 94.9700
116, N, A, -2.4961, 96.5200
117, I, A, -2.0348, 97.2900
118, D, A, -3.8015, 97.7000
119, E, A, -4.1780, 97.5100
120, D, A, -4.2756, 97.9600
121, D, A, -3.8720, 98.4400
122, E, A, -3.6312, 98.2500
123, E, A, -3.0630, 97.0300
124, I, A, -1.8834, 96.8300
125, K, A, -2.3111, 94.5300
126, I, A, -1.0707, 94.1700
127, Q, A, -0.9908, 90.1200
128, V, A, -0.3508, 89.2500
129, D, A, -2.5686, 90.3900
130, D, A, -3.5177, 85.4700
131, K, A, -3.7248, 88.3400
132, D, A, -3.5493, 89.9600
133, E, A, -3.3090, 87.2200
134, N, A, -2.0515, 95.3400
135, S, A, 0.0000, 96.0400
136, I, A, -0.0783, 96.6400
137, Y, A, 0.0000, 98.0500
138, L, A, 0.0000, 98.2900
139, I, A, 0.3342, 97.9500
140, L, A, 0.0000, 98.1500
141, I, A, 0.0000, 98.7300
142, A, A, 0.0000, 98.6200
143, K, A, -1.0717, 98.4000
144, A, A, 0.0000, 98.7100
145, L, A, 0.0000, 98.8500
146, N, A, 0.0000, 98.7700
147, Q, A, 0.0000, 98.8000
148, S, A, 0.0000, 98.8200
149, R, A, 0.0000, 98.8200
150, L, A, 0.0000, 98.5900
151, E, A, 0.0000, 98.7300
152, F, A, 0.0000, 98.7500
153, K, A, -0.7785, 98.3900
154, L, A, 0.0000, 98.2700
155, A, A, 0.0000, 98.4600
156, R, A, -0.9478, 98.3300
157, I, A, -0.6635, 97.7600
158, E, A, -0.8930, 97.5000
159, L, A, 0.0000, 98.0700
160, S, A, -1.4738, 97.8000
161, K, A, -2.0169, 96.8100
162, Y, A, -0.5876, 96.5700
163, Y, A, -0.8972, 96.7500
164, N, A, -1.8321, 96.6800
165, T, A, -1.3545, 97.0900
166, N, A, -1.6768, 96.5000
167, L, A, -0.8161, 95.9800
