RESIDUE_ID, RESIDUE_NAME, CHAIN, A3D_SCORE, AF_SCORE
3, D, A, -1.2236, 56.5600
4, L, A, 0.7214, 76.2900
5, T, A, -0.0630, 90.1000
6, T, A, -0.3089, 95.5000
7, Q, A, 0.0000, 96.0800
8, E, A, -0.9101, 95.9400
9, A, A, 0.0000, 97.6900
10, I, A, 0.0000, 98.2900
11, V, A, 0.0000, 98.2700
12, L, A, 0.0000, 98.2500
13, E, A, -3.3953, 97.2100
14, R, A, -3.7537, 95.3200
15, P, A, -2.4259, 94.9000
16, G, A, -2.0123, 95.7000
17, K, A, -2.9858, 97.3100
18, I, A, 0.0000, 97.7300
19, T, A, -0.8327, 97.7000
20, L, A, -0.2498, 97.1100
21, T, A, -0.5682, 95.4800
22, N, A, -1.3070, 95.5300
23, V, A, -0.2660, 95.7900
24, S, A, -0.2838, 96.0400
25, I, A, 0.1866, 96.5200
26, P, A, -0.5906, 96.9000
27, K, A, -1.5105, 96.8000
28, I, A, -1.0165, 97.3200
29, S, A, -1.0347, 96.8900
30, D, A, -1.4538, 97.5100
31, P, A, -1.6303, 98.1900
32, N, A, -1.7738, 97.9700
33, E, A, -1.1956, 98.4400
34, V, A, 0.0000, 98.7100
35, I, A, 0.0000, 98.5900
36, I, A, 0.0000, 98.6800
37, Q, A, -0.4181, 98.4100
38, I, A, 0.0000, 98.7100
39, K, A, -1.6127, 98.6600
40, A, A, 0.0000, 98.6500
41, T, A, 0.0000, 98.7500
42, G, A, 0.0000, 98.3700
43, I, A, 0.0000, 97.5800
44, C, A, -0.0666, 95.4900
45, G, A, -0.4429, 91.1000
46, S, A, -0.3286, 92.5200
47, D, A, 0.0000, 95.2600
48, I, A, -0.4872, 94.8000
49, H, A, -0.9342, 92.9700
50, Y, A, 0.0000, 96.4300
51, Y, A, -1.6069, 96.0700
52, T, A, -1.4155, 93.9400
53, H, A, -1.6505, 93.3000
54, G, A, 0.0000, 93.9000
55, R, A, -1.7507, 93.7100
56, I, A, -0.5533, 91.1300
57, A, A, -0.9204, 87.7000
58, N, A, -1.0022, 89.3500
59, Y, A, -0.2804, 93.0000
60, V, A, -0.5401, 95.1900
61, V, A, -1.5523, 94.9800
62, E, A, -2.3331, 95.4100
63, S, A, -1.8226, 96.6100
64, P, A, -2.2119, 97.3100
65, M, A, 0.0000, 98.0500
66, V, A, 0.0000, 98.1900
67, L, A, 0.0000, 98.2800
68, G, A, 0.0000, 98.2000
69, H, A, 0.0000, 98.6900
70, E, A, 0.0000, 98.7500
71, S, A, 0.0000, 98.7500
72, S, A, 0.0000, 98.8400
73, G, A, 0.0000, 98.6900
74, I, A, 0.0069, 98.6700
75, V, A, 0.0000, 98.7800
76, A, A, 0.6086, 98.2500
77, L, A, 0.7745, 98.1600
78, I, A, -0.2304, 98.6000
79, G, A, 0.0000, 98.3700
80, E, A, -2.6443, 98.0600
81, N, A, -2.7688, 98.2500
82, V, A, 0.0000, 98.3100
83, K, A, -2.6757, 97.6400
84, T, A, -1.7578, 96.5000
85, L, A, 0.0000, 98.2900
86, K, A, -1.5130, 98.2800
87, V, A, 0.4845, 98.6200
88, G, A, -0.3158, 98.4400
89, D, A, -1.1455, 98.7400
90, R, A, -1.1559, 98.8200
91, V, A, 0.0000, 98.8700
92, A, A, 0.0000, 98.8000
93, L, A, 0.0000, 98.6900
94, E, A, 0.0000, 98.6800
95, P, A, 0.0000, 98.3300
96, G, A, 0.0000, 97.8500
97, I, A, -0.6513, 97.4700
98, P, A, 0.0000, 97.4900
99, D, A, -0.7637, 96.4400
100, R, A, -0.3360, 93.4700
101, F, A, 1.0644, 95.9300
102, S, A, 0.0000, 96.8500
103, P, A, -1.3919, 97.6800
104, E, A, -2.1444, 97.8100
105, M, A, -1.9404, 95.4700
106, K, A, -2.8076, 95.6600
107, E, A, -3.4779, 96.3700
108, G, A, -2.8588, 95.8700
109, R, A, -3.0892, 96.9700
110, Y, A, 0.0000, 97.4500
111, N, A, -0.5869, 97.9600
112, L, A, -0.0217, 97.6000
113, D, A, 0.0000, 97.6200
114, P, A, -0.9391, 95.7300
115, N, A, -1.6811, 95.7400
116, L, A, -1.0316, 96.9700
117, K, A, -1.4093, 97.4600
118, F, A, 0.0000, 98.2000
119, A, A, 0.0000, 98.3900
120, A, A, 0.0000, 97.9300
121, T, A, 0.0000, 97.6600
122, P, A, -0.7073, 96.5300
123, P, A, -0.6316, 96.4000
124, F, A, -0.5354, 97.4900
125, D, A, -1.4862, 98.0000
126, G, A, 0.0000, 98.2900
127, T, A, 0.0000, 98.3500
128, L, A, 0.0000, 98.0800
129, T, A, 0.0000, 97.6700
130, K, A, -0.6410, 97.3500
131, Y, A, -0.0723, 98.1300
132, Y, A, -0.3066, 98.3800
133, K, A, -0.3909, 98.3500
134, T, A, 0.0000, 98.2600
135, M, A, -0.6093, 97.8300
136, K, A, -1.2475, 97.9300
137, D, A, -1.3109, 96.4200
138, F, A, 0.0000, 98.0100
139, V, A, 0.0000, 98.5700
140, Y, A, -0.7456, 98.6100
141, K, A, -1.6964, 98.5500
142, L, A, 0.0000, 98.6100
143, P, A, -2.1365, 97.2700
144, D, A, -2.9326, 95.5900
145, D, A, -2.8665, 93.8600
146, V, A, 0.0000, 97.6400
147, S, A, -1.1079, 97.9700
148, F, A, -0.6389, 98.5400
149, E, A, -0.9217, 98.5300
150, E, A, 0.0000, 98.3000
151, G, A, 0.0000, 98.5400
152, A, A, 0.0000, 98.6900
153, L, A, 0.0000, 98.7000
154, I, A, 0.0000, 98.7600
155, E, A, 0.0000, 98.8200
156, P, A, 0.0000, 98.5300
157, L, A, 0.0000, 98.6900
158, S, A, 0.0000, 98.8100
159, V, A, 0.3479, 98.7600
160, A, A, 0.0000, 98.5700
161, I, A, 0.0000, 98.6100
162, H, A, -0.3862, 98.7500
163, A, A, 0.0000, 98.6800
164, N, A, 0.0000, 98.5100
165, K, A, -0.9235, 97.9300
166, L, A, -0.5817, 98.2000
167, A, A, 0.0000, 98.4000
168, K, A, -1.8856, 97.6700
169, I, A, -1.0548, 96.4200
170, K, A, -1.1021, 95.6100
171, F, A, 0.9385, 97.5700
172, G, A, 0.1263, 97.2800
173, A, A, 0.0000, 97.8400
174, R, A, -0.7890, 98.5300
175, C, A, 0.0000, 98.7100
176, V, A, 0.0000, 98.8100
177, V, A, 0.0000, 98.8700
178, F, A, 0.0000, 98.5800
179, G, A, 0.2560, 97.2900
180, A, A, 0.0000, 96.6900
181, G, A, 0.0435, 95.0200
182, P, A, 0.0851, 95.5000
183, I, A, 0.3882, 97.1500
184, G, A, 0.0000, 98.1300
185, L, A, 0.0000, 98.1000
186, L, A, 0.0000, 98.3200
187, A, A, 0.0000, 98.4300
188, G, A, 0.0000, 98.3700
189, K, A, -0.3295, 97.9600
190, V, A, 0.0000, 98.2100
191, A, A, 0.0000, 98.3300
192, S, A, 0.1503, 97.4500
193, V, A, 0.2509, 96.6400
194, F, A, 0.4493, 96.4700
195, G, A, 0.5652, 97.2400
196, A, A, 0.0680, 98.0500
197, A, A, -0.0492, 97.4000
198, D, A, -0.5982, 98.2800
199, V, A, 0.0000, 98.5500
200, V, A, 0.0000, 98.7500
201, F, A, 0.0000, 98.6800
202, V, A, 0.0000, 98.5000
203, D, A, 0.0000, 97.3700
204, L, A, 0.8099, 94.8700
205, L, A, -0.0694, 93.9400
206, E, A, -1.8417, 94.5600
207, N, A, -1.7567, 93.4700
208, K, A, -1.4270, 95.1300
209, L, A, 0.0000, 96.8600
210, E, A, -3.1842, 95.8100
211, T, A, -2.4569, 94.7800
212, A, A, 0.0000, 97.3100
213, R, A, -3.1441, 97.0000
214, Q, A, -2.6514, 94.8000
215, F, A, 0.0000, 94.8600
216, G, A, -1.5564, 93.9100
217, A, A, 0.0000, 98.0600
218, T, A, -0.7619, 98.1700
219, H, A, -0.4358, 98.0300
220, I, A, -0.4058, 97.8600
221, V, A, 0.0000, 97.8300
222, N, A, -0.4098, 97.1000
223, S, A, -0.2495, 95.4600
224, G, A, -0.8305, 92.7000
225, D, A, -1.8600, 92.7400
226, L, A, -0.7187, 93.7700
227, P, A, -0.9525, 94.0600
228, H, A, -1.2546, 92.6700
229, G, A, -0.6374, 92.9500
230, V, A, 0.0356, 95.1800
231, T, A, 0.0524, 94.6600
232, V, A, 0.1147, 96.0700
233, D, A, -0.7643, 94.8700
234, S, A, -0.7526, 95.4100
235, V, A, -0.3116, 97.1100
236, I, A, 0.0000, 97.2700
237, K, A, -2.2076, 96.7800
238, K, A, -2.4258, 96.2700
239, A, A, -1.1374, 94.6900
240, I, A, 0.0000, 96.0700
241, G, A, -2.1427, 93.2000
242, K, A, -3.1803, 90.8300
243, K, A, -3.0084, 93.5500
244, G, A, 0.0000, 96.6900
245, A, A, 0.0000, 98.4400
246, D, A, -1.2321, 98.5300
247, V, A, 0.0000, 98.7300
248, V, A, 0.0000, 98.8300
249, F, A, 0.0000, 98.8900
250, E, A, 0.0000, 98.3800
251, C, A, 0.2824, 98.1300
252, S, A, 0.0022, 95.9200
253, G, A, 0.0000, 94.2200
254, A, A, -0.6227, 95.4900
255, E, A, -1.5810, 96.6000
256, P, A, -0.8468, 95.2500
257, C, A, -0.5396, 97.1400
258, V, A, 0.0000, 97.6500
259, R, A, -0.9253, 97.1700
260, A, A, -0.7381, 96.5400
261, G, A, 0.0000, 97.9800
262, I, A, 0.0000, 98.0100
263, E, A, -1.0105, 97.1300
264, V, A, 0.0000, 97.9700
265, C, A, 0.0000, 98.4200
266, K, A, -1.7859, 97.8500
267, A, A, -1.3783, 98.1100
268, G, A, -1.3278, 98.2800
269, G, A, 0.0000, 98.5200
270, T, A, -0.5456, 98.8100
271, I, A, 0.0000, 98.8000
272, V, A, 0.0000, 98.8400
273, Q, A, 0.2592, 98.3200
274, V, A, 0.6348, 98.2700
275, G, A, 0.6572, 95.2300
276, M, A, 0.5763, 89.6600
277, G, A, -1.1568, 86.9800
278, Q, A, -2.5747, 88.3500
279, E, A, -3.0713, 86.7200
280, E, A, -3.1514, 92.9000
281, I, A, -1.8329, 95.0600
282, Q, A, -1.0503, 96.4400
283, F, A, 0.2290, 95.7200
284, P, A, 0.7951, 94.9800
285, I, A, 1.9691, 96.4900
286, S, A, 0.9456, 98.0500
287, I, A, 0.4572, 98.0400
288, I, A, 0.2382, 98.1100
289, P, A, -0.6097, 98.3200
290, T, A, -0.5611, 98.1700
291, K, A, -1.4325, 98.2400
292, E, A, -2.0893, 98.5100
293, L, A, 0.0000, 98.6200
294, T, A, -0.3292, 98.6300
295, F, A, 0.2742, 98.0100
296, Q, A, 0.1717, 97.8300
297, G, A, 0.3527, 97.5600
298, C, A, 0.0000, 98.2300
299, F, A, 1.8043, 97.0200
300, R, A, 0.4705, 97.2200
301, Y, A, 0.0000, 98.4900
302, C, A, 0.0000, 96.7500
303, Q, A, -1.8139, 94.0600
304, G, A, -1.0094, 96.5700
305, D, A, 0.0000, 98.3400
306, Y, A, 0.0000, 98.3300
307, S, A, -1.2719, 97.6600
308, D, A, -1.6828, 98.0500
309, S, A, 0.0000, 98.5400
310, I, A, 0.0000, 98.2400
311, E, A, -2.6943, 97.3800
312, L, A, -2.0592, 97.1900
313, V, A, 0.0000, 98.0100
314, S, A, -2.4298, 96.8100
315, S, A, -2.1645, 96.5500
316, R, A, -3.2474, 95.1000
317, K, A, -2.8606, 94.5200
318, L, A, 0.0000, 94.7400
319, S, A, -1.4929, 94.6000
320, L, A, 0.0000, 97.3200
321, K, A, -1.5059, 96.5000
322, P, A, -0.9890, 95.8900
323, F, A, 0.0000, 96.6000
324, I, A, 0.0000, 96.8800
325, T, A, -1.0230, 95.7900
326, H, A, -1.5364, 96.7100
327, R, A, -2.3080, 97.6800
328, Y, A, -1.9774, 98.1200
329, S, A, -2.2269, 98.0200
330, F, A, 0.0000, 97.6900
331, K, A, -2.4581, 96.9500
332, D, A, -2.3763, 97.4500
333, A, A, 0.0000, 97.5600
334, V, A, -1.4274, 97.0500
335, E, A, -2.3876, 96.8300
336, A, A, 0.0000, 96.8300
337, F, A, 0.0000, 96.4900
338, E, A, -2.6383, 94.7800
339, E, A, -2.8140, 94.2500
340, T, A, -1.8665, 93.4900
341, S, A, -1.7054, 91.6500
342, H, A, -2.0817, 87.9800
343, H, A, -2.1040, 83.0600
344, P, A, -1.0906, 78.3300
345, L, A, -0.0655, 76.9700
346, N, A, -1.2162, 78.2500
347, N, A, -0.9131, 89.2200
348, I, A, -0.1046, 93.9900
349, K, A, 0.0000, 96.4700
350, T, A, 0.0000, 97.7300
351, I, A, 0.0000, 98.3400
352, I, A, 0.0000, 98.4900
353, E, A, -2.9617, 98.0100
354, G, A, -2.0089, 94.8900
355, P, A, 0.0000, 89.8500
356, E, A, -2.2882, 80.2600
