RESIDUE_ID, RESIDUE_NAME, CHAIN, A3D_SCORE, AF_SCORE
1, M, A, 1.0367, 55.2100
3, T, A, 0.1170, 66.3300
5, S, A, -0.2822, 53.2000
6, T, A, -0.2157, 58.8500
7, T, A, -0.1568, 63.2000
13, T, A, -0.1236, 51.9900
15, S, A, 0.1663, 51.3800
17, L, A, 1.4931, 51.5300
26, P, A, -0.2549, 54.5500
32, T, A, 0.1195, 50.7200
35, V, A, 2.2797, 55.9400
36, L, A, 1.7711, 55.0300
37, P, A, -0.1460, 59.7100
38, Q, A, -1.7714, 63.9100
39, K, A, -2.4959, 65.1900
40, P, A, -1.8465, 68.6400
41, K, A, -1.7203, 65.4900
42, L, A, 0.2735, 60.5000
43, T, A, 0.1025, 67.8400
44, G, A, -0.0744, 61.6000
45, W, A, 0.9065, 61.0700
46, A, A, -0.0194, 60.8800
47, Q, A, -0.8566, 60.2900
48, A, A, -0.4676, 56.0700
49, A, A, -0.2160, 57.3400
50, A, A, -0.5245, 58.1900
51, K, A, -1.6358, 60.1400
52, A, A, -0.4032, 58.5600
53, L, A, 0.3080, 56.2500
54, P, A, -1.1575, 56.9000
55, R, A, -2.8644, 56.0000
56, Q, A, -2.9772, 57.0900
57, Q, A, -3.5546, 53.5600
58, Q, A, -3.2912, 53.9400
59, Q, A, -2.9440, 51.9300
60, Q, A, -2.3087, 51.3600
72, Q, A, -1.1983, 52.2200
79, K, A, -1.2230, 50.3600
81, I, A, 1.6015, 52.5800
84, T, A, 0.1029, 52.1900
85, A, A, -0.1565, 50.8100
86, P, A, -0.3655, 58.0900
87, P, A, -0.3710, 52.2900
90, I, A, 2.0126, 55.9300
100, S, A, -0.8020, 56.8800
101, T, A, -1.4060, 51.6000
102, N, A, -2.4477, 55.6400
103, K, A, -2.9494, 51.1400
104, K, A, -2.6603, 60.4600
105, F, A, -0.8408, 59.5100
106, K, A, -2.7696, 59.4800
107, R, A, -2.8532, 60.0900
108, A, A, -2.6058, 56.8600
109, N, A, -3.2225, 60.8500
110, K, A, -3.1268, 62.3800
111, Q, A, -2.5374, 66.1200
112, P, A, -1.7629, 70.6300
113, Y, A, -0.8029, 70.5300
114, N, A, -2.6605, 80.7600
115, R, A, -3.5107, 84.6300
116, E, A, -3.6716, 86.2400
117, E, A, -3.1145, 88.7800
118, V, A, -1.5113, 91.3200
119, R, A, -3.0927, 91.6600
120, S, A, -1.9985, 91.0400
121, Y, A, -0.3920, 92.0800
122, M, A, -0.3187, 90.7100
123, H, A, -1.2637, 91.1400
124, K, A, -1.3813, 88.5300
125, L, A, -0.0163, 86.0200
126, F, A, 1.1116, 84.6100
127, Q, A, -1.0711, 84.2700
128, S, A, 0.0000, 78.5700
129, Y, A, -0.3005, 69.3200
130, T, A, -0.3513, 71.9900
131, A, A, -0.8432, 65.6700
132, G, A, -1.7906, 58.4200
133, E, A, -2.8682, 57.7600
134, K, A, -2.5760, 55.0400
135, S, A, -1.8114, 54.0400
136, H, A, -1.8604, 55.4500
137, S, A, -0.8604, 58.1000
138, M, A, -0.2394, 59.5300
139, K, A, -0.8454, 65.0200
140, T, A, -0.3193, 68.5700
141, Y, A, 0.3727, 67.3700
142, K, A, -1.2796, 70.3100
143, Q, A, -0.9780, 67.5800
144, V, A, -0.0856, 66.0100
145, L, A, 0.2771, 69.1000
146, S, A, -0.5176, 65.9800
147, E, A, -0.7461, 63.5700
148, T, A, -0.2957, 61.9300
149, A, A, -0.2510, 60.8000
150, S, A, -0.6986, 62.1200
151, G, A, -1.0415, 58.3500
152, R, A, -1.4327, 55.5500
153, V, A, 0.5864, 55.3000
154, S, A, -0.2095, 54.5600
155, T, A, -0.1525, 56.0700
156, A, A, -0.2060, 55.2300
157, T, A, -0.5246, 56.8400
158, D, A, -1.2196, 53.1500
159, W, A, 0.2927, 55.2200
160, G, A, -0.0308, 50.0800
161, T, A, 0.4493, 51.5000
162, V, A, 0.7942, 51.8800
163, S, A, 0.0243, 54.3800
164, S, A, -1.0554, 54.9600
165, S, A, -1.7303, 61.2600
166, K, A, -2.8559, 63.3400
167, N, A, -3.1008, 59.0700
168, K, A, -3.4763, 58.1200
169, N, A, -3.1214, 60.4100
170, K, A, -3.0956, 66.7800
171, K, A, -2.3742, 71.8800
172, Y, A, -0.2285, 67.1700
173, G, A, -0.4706, 64.9200
174, C, A, 0.4865, 70.5700
175, L, A, 1.3643, 78.2800
176, S, A, 0.0990, 78.2100
177, D, A, -0.7719, 75.7400
178, I, A, 0.9505, 80.8400
179, A, A, -0.0814, 82.8900
180, K, A, -1.5946, 80.4100
181, V, A, 0.2928, 81.2200
182, L, A, 0.1580, 84.2200
183, R, A, -1.9858, 82.9900
184, N, A, -2.0934, 76.9400
185, Q, A, -1.6725, 68.5800
