RESIDUE_ID, RESIDUE_NAME, CHAIN, A3D_SCORE, AF_SCORE
1, M, A, -0.4960, 57.8000
2, D, A, -2.3583, 86.0900
3, D, A, -3.0769, 89.1300
4, F, A, -2.0312, 90.9500
5, S, A, -2.3534, 93.4800
6, R, A, -3.0538, 96.0800
7, D, A, -2.6124, 97.0900
8, T, A, -2.3031, 96.8700
9, E, A, -2.6450, 96.6500
10, N, A, -2.3445, 97.4900
11, F, A, 0.0000, 98.1300
12, V, A, -0.8882, 97.7800
13, C, A, -0.5365, 97.7600
14, W, A, 0.0000, 98.2500
15, L, A, 0.0000, 98.3100
16, K, A, -2.4151, 95.3400
17, T, A, -1.3962, 95.6500
18, T, A, -1.1106, 95.8400
19, A, A, 0.0000, 96.3500
20, E, A, -3.0021, 96.4700
21, I, A, 0.0000, 97.7900
22, E, A, -2.8297, 97.3800
23, V, A, -1.4686, 98.1000
24, S, A, -0.8766, 98.2600
25, P, A, -1.0139, 97.6900
26, K, A, -1.8117, 98.6900
27, I, A, 0.0000, 98.4600
28, E, A, -2.0694, 97.3700
29, I, A, -1.5601, 97.3800
30, K, A, -2.1231, 94.7500
31, D, A, -1.9047, 92.6300
32, L, A, -0.9114, 90.1200
33, C, A, -0.6972, 84.9900
34, C, A, -0.6709, 80.2100
35, D, A, -1.5706, 77.8700
36, N, A, -1.7652, 79.8400
37, Q, A, -1.1732, 85.1300
38, G, A, -1.2331, 89.3500
39, R, A, -1.1740, 94.0800
40, A, A, 0.0000, 95.7500
41, V, A, 0.0000, 98.1500
42, V, A, 0.0000, 98.1500
43, A, A, 0.0000, 98.6800
44, T, A, -2.5741, 98.3900
45, Q, A, -3.4662, 98.5300
46, K, A, -4.3836, 98.5000
47, I, A, 0.0000, 98.7600
48, K, A, -4.4490, 98.6300
49, K, A, -4.4906, 98.4800
50, D, A, -3.5049, 97.9500
51, E, A, -2.4583, 98.4800
52, T, A, -1.3310, 97.8400
53, L, A, 0.0000, 98.3900
54, F, A, 0.0000, 98.1200
55, K, A, -1.8308, 97.7000
56, I, A, 0.0000, 97.3600
57, P, A, -1.5559, 95.8300
58, R, A, -0.9520, 92.3500
59, S, A, -0.8006, 92.5200
60, S, A, 0.0000, 95.9700
61, V, A, 0.0000, 95.9600
62, L, A, 0.0000, 97.4300
63, S, A, 0.0000, 95.3000
64, V, A, 0.0000, 93.7500
65, T, A, -0.4605, 91.6900
66, T, A, -0.5009, 94.2200
67, S, A, 0.0000, 96.3700
68, Q, A, -1.4255, 96.9100
69, L, A, 0.0000, 96.6900
70, I, A, 0.0000, 95.0300
71, K, A, -2.6713, 93.9800
72, D, A, -2.4724, 94.9500
73, Y, A, -1.0400, 94.1300
74, P, A, -1.6257, 94.0200
75, S, A, -1.2945, 93.2200
76, L, A, 0.0000, 92.6200
77, K, A, -2.3165, 91.4100
78, D, A, -3.1874, 90.7900
79, K, A, -2.9740, 91.4100
80, F, A, 0.0000, 91.5000
81, L, A, -2.0114, 88.1800
82, N, A, -3.1450, 87.2500
83, E, A, -3.1084, 88.6200
84, T, A, -1.9213, 85.5300
85, G, A, -0.8594, 85.9900
86, S, A, -0.5828, 89.3900
87, W, A, 0.2178, 92.8200
88, E, A, -0.2920, 94.9900
89, G, A, 0.0000, 95.8000
90, L, A, 0.0000, 97.4700
91, I, A, 0.0000, 98.1700
92, I, A, 0.0000, 97.8800
93, C, A, 0.0000, 97.9100
94, I, A, 0.0000, 98.4200
95, L, A, 0.0000, 97.9400
96, Y, A, -0.4369, 97.9200
97, E, A, 0.0000, 98.3700
98, M, A, -0.9945, 96.6900
99, E, A, -1.6307, 95.5000
100, V, A, 0.0000, 96.2300
101, L, A, -1.9629, 97.1100
102, Q, A, -2.7231, 96.1000
103, E, A, -3.3890, 96.9300
104, R, A, -3.1775, 96.7600
105, S, A, 0.0000, 97.9200
106, R, A, -1.7031, 97.0400
107, W, A, 0.0000, 98.0000
108, A, A, 0.0000, 98.2200
109, P, A, -1.4014, 97.9300
110, Y, A, 0.0000, 98.3200
111, F, A, -1.0686, 97.9200
112, K, A, -2.4324, 96.6600
113, V, A, 0.0000, 96.6600
114, W, A, 0.0000, 96.0400
115, N, A, -2.2968, 92.0000
116, K, A, -2.9541, 91.7200
117, P, A, -2.0864, 91.4500
118, S, A, -1.9291, 88.6100
119, D, A, -2.8733, 88.6600
120, M, A, 0.0000, 93.4500
121, N, A, -0.6830, 94.5100
122, A, A, 0.0000, 95.8200
123, L, A, 0.0000, 97.7600
124, I, A, -0.1682, 95.7200
125, F, A, -0.5277, 95.4300
126, W, A, 0.0000, 96.6900
127, D, A, -2.9898, 95.3700
128, D, A, -3.3219, 96.5600
129, N, A, -2.8516, 97.3100
130, E, A, -2.5469, 97.8000
131, L, A, -1.8744, 98.4300
132, Q, A, -2.1534, 97.5800
133, L, A, -1.1907, 97.1400
134, L, A, 0.0000, 98.2800
135, K, A, -2.0282, 98.1500
136, P, A, -1.4459, 97.6200
137, S, A, 0.0000, 98.6200
138, L, A, -0.6420, 98.1400
139, V, A, 0.0000, 98.1200
140, L, A, -0.9658, 97.7200
141, E, A, -1.9503, 95.8200
142, R, A, -1.4193, 95.8300
143, I, A, -1.2776, 95.8100
144, G, A, -2.2468, 92.5600
145, K, A, -3.1437, 92.1200
146, K, A, -3.9035, 94.4000
147, E, A, -3.8961, 94.3700
148, A, A, -3.1293, 95.9000
149, K, A, -3.9438, 97.2700
150, E, A, -4.4060, 97.2400
151, M, A, -2.9217, 96.1900
152, H, A, 0.0000, 97.8700
153, E, A, -3.7861, 97.2600
154, R, A, -3.4623, 96.0500
155, I, A, 0.0000, 97.1800
156, I, A, -2.3777, 97.5900
157, K, A, -3.3487, 95.8700
158, S, A, -2.3097, 94.7200
159, I, A, 0.0000, 95.9700
160, K, A, -3.4587, 95.8800
161, Q, A, -2.4093, 93.6100
162, I, A, -1.3845, 93.6100
163, G, A, -1.9254, 91.8700
164, G, A, -2.0515, 89.3200
165, E, A, -2.7979, 87.8900
166, F, A, 0.0000, 93.6900
167, S, A, -2.6834, 92.2100
168, R, A, -2.9026, 93.0200
169, V, A, 0.0000, 93.8800
170, A, A, -1.8140, 92.1900
171, T, A, -1.2255, 90.5500
172, S, A, -1.2895, 92.1300
173, F, A, 0.0000, 95.0300
174, E, A, -2.6500, 96.2800
175, F, A, -2.0975, 95.9500
176, D, A, -2.3986, 95.1600
177, N, A, -2.0015, 95.2400
178, F, A, 0.0000, 97.5200
179, A, A, 0.0000, 96.6800
180, Y, A, -0.7406, 97.4100
181, I, A, 0.0000, 97.8100
182, A, A, -0.0473, 97.8500
183, S, A, 0.0000, 97.4900
184, I, A, 0.0000, 97.7600
185, I, A, 0.0000, 97.6000
186, L, A, 0.3906, 96.2600
187, S, A, 0.0000, 95.3000
188, Y, A, 0.3252, 95.5600
189, S, A, 0.0946, 95.6400
190, F, A, -0.0942, 94.3800
191, D, A, -0.9894, 91.8600
192, L, A, 0.0000, 88.4700
193, E, A, -1.6126, 83.7400
194, M, A, -1.7677, 75.6500
195, Q, A, -2.6090, 67.4200
196, D, A, -2.8027, 54.4200
215, E, A, -2.9034, 51.1300
216, R, A, -2.9840, 75.1000
217, Y, A, -1.0542, 86.3200
218, L, A, -0.4751, 90.4400
219, K, A, -0.4072, 94.6100
220, S, A, 0.0000, 96.6100
221, M, A, 0.0000, 98.1100
222, I, A, 0.0000, 96.8300
223, P, A, 0.0000, 97.5300
224, L, A, 0.0000, 97.2700
225, A, A, 0.0000, 96.2700
226, D, A, 0.0000, 95.2000
227, M, A, 0.0000, 94.1700
228, L, A, 0.0000, 95.7400
229, N, A, -0.4440, 95.0100
230, A, A, 0.0000, 94.2100
231, D, A, -1.2509, 95.9600
232, T, A, 0.0000, 95.9600
233, S, A, -1.4762, 95.4500
234, K, A, -1.5188, 96.0700
235, C, A, -0.7574, 96.6200
236, N, A, 0.0000, 98.1100
237, A, A, 0.0000, 98.0000
238, N, A, -0.3479, 95.5700
239, L, A, -0.1667, 94.3900
240, T, A, -0.1998, 91.9700
241, Y, A, -0.4030, 86.9300
242, D, A, -1.2009, 84.2500
243, S, A, -1.3387, 81.0100
244, N, A, -1.8419, 86.2000
245, C, A, -1.1961, 92.6600
246, L, A, 0.0000, 95.2100
247, K, A, -0.9364, 96.6700
248, M, A, 0.0000, 97.4300
249, V, A, -1.2749, 98.0800
250, A, A, 0.0000, 98.5800
251, L, A, -1.7487, 97.8700
252, R, A, -3.5527, 98.0000
253, D, A, -4.1013, 98.6000
254, I, A, 0.0000, 98.6500
255, E, A, -4.4861, 98.6500
256, K, A, -4.2558, 98.4900
257, N, A, -3.3533, 97.0300
258, E, A, -2.5535, 97.8100
259, Q, A, -1.6240, 97.4100
260, V, A, 0.0000, 98.5600
261, Y, A, 0.0000, 97.5000
262, N, A, 0.0000, 94.8500
263, I, A, -0.1568, 90.5200
264, Y, A, -0.0214, 89.3800
265, G, A, -0.7638, 91.1600
266, E, A, -2.0257, 95.0200
267, H, A, -1.1672, 97.3500
268, P, A, 0.0000, 98.2600
269, N, A, 0.0000, 98.3000
270, S, A, 0.0000, 98.3500
271, E, A, 0.0000, 97.9700
272, L, A, 0.0000, 98.1100
273, L, A, 0.0000, 98.1900
274, R, A, -0.3256, 97.9400
275, R, A, -0.3356, 95.6600
276, Y, A, 0.0360, 95.7700
277, G, A, -0.2444, 95.2200
278, Y, A, 0.0270, 94.8400
279, V, A, 0.0000, 95.8500
280, E, A, 0.0000, 95.2500
281, W, A, -1.4676, 93.1300
282, D, A, -2.4608, 92.3700
283, G, A, -1.5897, 94.2300
284, S, A, 0.0000, 97.0500
285, K, A, -2.3842, 96.3500
286, Y, A, -1.2075, 97.5700
287, D, A, 0.0000, 98.5800
288, F, A, -0.5736, 98.5400
289, G, A, 0.0000, 98.1300
290, E, A, 0.0000, 98.3200
291, V, A, 0.0000, 98.5600
292, L, A, -0.9853, 98.4800
293, L, A, 0.0000, 98.2700
294, E, A, -2.3545, 97.5000
295, N, A, 0.0000, 98.0100
296, I, A, 0.0000, 98.0000
297, V, A, -1.7214, 97.7100
298, E, A, -2.7897, 96.6700
299, A, A, 0.0000, 96.1400
300, L, A, 0.0000, 95.8100
301, K, A, -2.6507, 94.1300
302, E, A, -3.0497, 88.6000
303, T, A, 0.0000, 87.6300
304, F, A, 0.0000, 89.9000
305, E, A, -3.1474, 86.4400
306, T, A, -2.2422, 87.0300
307, N, A, -2.4539, 87.5700
308, T, A, -2.4784, 92.1900
309, E, A, -3.0713, 93.0400
310, F, A, 0.0000, 94.5600
311, L, A, 0.0000, 96.4000
312, D, A, -3.6859, 96.5000
313, R, A, -3.4691, 95.7900
314, C, A, 0.0000, 97.4600
315, I, A, 0.0000, 98.0100
316, D, A, -3.5042, 96.9700
317, I, A, 0.0000, 97.6300
318, L, A, 0.0000, 97.7700
319, R, A, -2.6059, 95.7100
320, N, A, -2.5993, 95.2900
321, N, A, -2.1462, 96.3100
322, A, A, -1.6331, 94.8400
323, N, A, -2.3096, 95.3400
324, I, A, 0.0000, 96.7200
325, Q, A, -3.5959, 94.5900
326, E, A, -3.2882, 94.1600
327, F, A, -1.8848, 89.8400
328, L, A, 0.0000, 93.3300
329, E, A, -3.5943, 91.9700
330, G, A, -3.3909, 88.0000
331, E, A, -3.7100, 91.7400
332, E, A, -3.3455, 93.9400
333, I, A, 0.0000, 95.8600
334, V, A, 0.0000, 97.7200
335, L, A, -0.8961, 97.1400
336, D, A, -1.8189, 96.8100
337, S, A, -0.9324, 97.9300
338, Y, A, 0.0000, 98.3300
339, D, A, -0.2457, 97.8700
340, C, A, 0.0000, 98.2800
341, Y, A, -1.0551, 98.1300
342, N, A, -1.8093, 96.1300
343, N, A, -2.0920, 95.1800
344, G, A, -2.1731, 95.3100
345, E, A, -2.1140, 95.3600
346, L, A, -0.8144, 95.4000
347, L, A, -0.1940, 94.2100
348, P, A, -0.5590, 93.1500
349, Q, A, -0.6454, 94.9100
350, L, A, 0.0000, 97.0400
351, I, A, 0.0000, 96.2400
352, L, A, 0.0000, 97.7000
353, L, A, 0.0000, 98.4000
354, V, A, 0.0000, 98.2400
355, Q, A, 0.0000, 98.0900
356, I, A, 0.0000, 98.4500
357, L, A, 0.0000, 98.1700
358, T, A, 0.0000, 96.9700
359, I, A, 0.0000, 96.6400
360, L, A, 0.0000, 96.1800
361, C, A, -0.4049, 94.6300
362, Q, A, 0.0000, 93.1300
363, I, A, 0.0000, 91.6800
364, P, A, -0.7463, 86.4100
365, G, A, -0.4827, 87.5100
366, L, A, 0.0000, 89.8100
367, C, A, -0.4714, 87.3800
368, K, A, -1.1630, 89.5200
369, L, A, -0.4125, 90.8300
370, D, A, -1.1715, 93.0100
371, I, A, -0.0742, 90.9900
372, K, A, -1.6008, 93.0300
373, A, A, -1.2887, 93.8100
374, M, A, 0.0000, 94.7900
375, E, A, -2.0248, 96.6000
376, R, A, -2.5372, 94.6300
377, Q, A, -1.5669, 94.6100
378, V, A, 0.0000, 97.2400
379, E, A, -2.2354, 96.9300
380, R, A, -2.8146, 95.5100
381, I, A, 0.0000, 97.2200
382, V, A, 0.0000, 97.7000
383, K, A, -1.9172, 95.9300
384, K, A, -1.8193, 97.0300
385, C, A, 0.0000, 97.9200
386, L, A, -1.3676, 96.1200
387, Q, A, -2.2509, 95.9200
388, L, A, 0.0000, 97.0900
389, I, A, 0.0000, 95.8800
390, E, A, -2.4620, 95.0500
391, G, A, -1.9083, 96.0900
392, A, A, -1.8836, 96.0000
393, R, A, -2.3823, 97.7800
394, A, A, 0.0000, 97.6600
395, T, A, 0.0000, 97.3400
396, T, A, -0.4291, 96.1100
397, N, A, 0.0000, 95.0200
398, C, A, 0.0000, 96.1200
399, S, A, 0.0000, 95.9300
400, A, A, -0.6489, 94.9400
401, T, A, 0.0000, 95.4300
402, W, A, 0.0000, 97.2600
403, K, A, -1.3915, 97.2200
404, R, A, -1.4254, 96.4000
405, C, A, 0.0000, 98.2500
406, I, A, 0.0000, 98.1600
407, M, A, -0.5891, 97.0200
408, K, A, -1.3791, 97.0300
409, R, A, 0.0000, 97.8100
410, L, A, 0.0000, 97.8900
411, A, A, -0.7777, 96.9700
412, D, A, -2.0110, 97.0000
413, Y, A, 0.0000, 97.7300
414, P, A, -1.2634, 93.2000
415, I, A, -0.8442, 87.5000
416, K, A, -1.7399, 86.3000
417, K, A, -1.9895, 81.8100
418, C, A, 0.0000, 83.6700
419, V, A, 0.4069, 76.7800
420, S, A, -0.5386, 76.3900
421, I, A, -1.3100, 81.8800
422, E, A, -2.6079, 76.1900
423, K, A, -3.0604, 83.4500
424, P, A, -2.4015, 79.5100
425, S, A, -2.4009, 70.8100
426, K, A, -2.7446, 68.0500
427, G, A, -1.9132, 62.1900
428, N, A, -2.0939, 66.5500
429, S, A, -1.3730, 70.9500
430, L, A, -1.1587, 82.7500
431, T, A, -1.7413, 88.6300
432, R, A, -2.8953, 89.0100
433, E, A, -3.2767, 91.4400
434, E, A, -2.8652, 91.8800
435, L, A, -1.8092, 91.6800
436, R, A, 0.0000, 94.3100
437, D, A, -2.0402, 94.2200
438, V, A, -1.3819, 93.7200
439, M, A, 0.0000, 95.9800
440, A, A, 0.0000, 97.3200
441, R, A, -0.9090, 96.5000
442, R, A, 0.0000, 96.4100
443, V, A, 0.0000, 98.2800
444, L, A, 0.0000, 98.4800
445, K, A, -0.7036, 97.4600
446, S, A, 0.0000, 97.8800
447, E, A, 0.0000, 98.4800
448, I, A, 0.0000, 98.0600
449, D, A, -1.9734, 96.8300
450, S, A, 0.0000, 98.2100
451, L, A, 0.0000, 98.4800
452, Q, A, -1.7692, 97.2800
453, V, A, -1.1775, 96.8100
454, C, A, 0.0000, 98.2700
455, E, A, -1.7531, 97.5700
456, E, A, -2.5757, 95.5100
457, T, A, 0.0000, 95.5200
458, I, A, 0.0000, 95.2700
459, D, A, -2.9677, 94.4400
460, K, A, -3.3468, 94.5700
461, N, A, -3.1448, 94.5200
462, Y, A, -2.4582, 95.7300
463, K, A, -2.5752, 97.7300
464, V, A, -1.2150, 97.2000
465, I, A, -0.7404, 96.6900
466, P, A, -0.6919, 95.1700
467, D, A, 0.0000, 94.2300
468, E, A, -2.1321, 91.2400
469, K, A, -2.5416, 91.0000
470, L, A, 0.0000, 94.0700
471, L, A, 0.0000, 92.9000
472, T, A, -2.6628, 90.6500
473, N, A, -2.6486, 90.2400
474, I, A, 0.0000, 91.8700
475, L, A, -1.9181, 88.0000
476, K, A, -2.8640, 84.4300
477, R, A, -2.9343, 79.3600
478, K, A, -3.4141, 72.9300
479, L, A, 0.0000, 68.8200
480, T, A, -2.5003, 70.5600
481, E, A, -3.4284, 65.4700
482, E, A, -3.2500, 60.1400
483, E, A, -2.6749, 66.5300
484, K, A, -3.1848, 63.7000
485, S, A, -2.4284, 56.3000
486, S, A, -2.0464, 52.2400
487, V, A, 0.0000, 54.2900
488, K, A, -2.1645, 56.5600
489, R, A, -2.4392, 55.8100
490, P, A, -1.3549, 53.7700
491, C, A, -0.6977, 50.9500
